1,0,17670250,552195.0,0,0,1,1,1,0
2,250,17670500,552203.0,0,0,1,1,1,0
3,500,17670750,552210.0,0,0,1,1,1,0
4,750,17671000,552218.0,0,0,1,1,1,0
5,1000,17671250,552226.0,0,0,1,1,1,0
6,1250,17671500,552234.0,0,0,1,1,1,0
7,1500,17671750,552242.0,0,0,1,1,1,0
8,1750,17672000,552250.0,0,0,1,1,1,0
9,2000,17672250,552257.0,0,0,1,1,1,0
10,2250,17672500,552265.0,0,0,1,1,1,0
11,2500,17672750,552273.0,0,0,1,1,1,0
12,2750,17673000,552281.0,0,0,1,1,1,0
13,3000,17673250,552289.0,0,0,1,1,1,0
14,3250,17673500,552296.0,0,0,1,1,1,0
15,3500,17673750,552304.0,0,0,1,1,1,0
16,3750,17674000,552312.0,0,0,1,1,1,0
17,4000,17674250,552320.0,0,0,1,1,1,0
18,4250,17674500,552328.0,0,0,1,1,1,0
19,4500,17674750,552335.0,0,0,1,1,1,0
20,4750,17675000,552343.0,0,0,1,1,1,0
21,5000,17675250,552351.0,0,0,1,1,1,0
22,5250,17675500,552359.0,0,0,1,1,1,0
23,5500,17675750,552367.0,0,0,1,1,1,0
24,5750,17676000,552375.0,0,0,1,1,1,0
25,6000,17676250,552382.0,0,0,1,1,1,0
26,6250,17676500,552390.0,0,0,1,1,1,0
27,6500,17676750,552398.0,0,0,1,1,1,0
28,6750,17677000,552406.0,0,0,1,1,1,0
29,7000,17677250,552414.0,0,0,1,1,1,0
30,7250,17677500,552421.0,0,0,1,1,1,0
31,7500,17677750,552429.0,0,0,1,1,1,0
32,7750,17678000,552437.0,0,0,1,1,1,0
33,8000,17678250,552445.0,0,0,1,1,1,0
34,8250,17678500,552453.0,0,0,1,1,1,0
35,8500,17678750,552460.0,0,0,1,1,1,0
36,8750,17679000,552468.0,0,0,1,1,1,0
37,9000,17679250,552476.0,0,0,1,1,1,0
38,9250,17679500,552484.0,0,0,1,1,1,0
39,9500,17679750,552492.0,0,0,1,1,1,0
40,9750,17680000,552500.0,1,1,0,1,1,0
41,10000,17680250,552507.0,1,1,0,1,1,0
42,10250,17680500,552515.0,1,1,0,1,1,0
43,10500,17680750,552523.0,1,1,0,1,1,0
44,10750,17681000,552531.0,1,1,0,1,1,0
45,11000,17681250,552539.0,1,1,0,1,1,0
46,11250,17681500,552546.0,1,1,0,1,1,0
47,11500,17681750,552554.0,1,1,0,1,1,0
48,11750,17682000,552562.0,1,1,0,1,1,0
49,12000,17682250,552570.0,1,1,0,1,1,0
50,12250,17682500,552578.0,1,1,0,1,1,0
51,12500,17682750,552585.0,1,1,0,1,1,0
52,12750,17683000,552593.0,1,1,0,1,1,0
53,13000,17683250,552601.0,1,1,0,1,1,0
54,13250,17683500,552609.0,1,1,0,1,1,0
55,13500,17683750,552617.0,1,1,0,1,1,0
56,13750,17684000,552625.0,1,1,0,1,1,0
57,14000,17684250,552632.0,1,1,0,1,1,0
58,14250,17684500,552640.0,1,1,0,1,1,0
59,14500,17684750,552648.0,1,1,0,1,1,0
60,14750,17685000,552656.0,1,1,0,1,1,0
61,15000,17685250,552664.0,1,1,0,1,1,0
62,15250,17685500,552671.0,1,1,0,1,1,0
63,15500,17685750,552679.0,1,1,0,1,1,0
64,15750,17686000,552687.0,1,1,0,1,1,0
65,16000,17686250,552695.0,1,1,0,1,1,0
66,16250,17686500,552703.0,1,1,0,1,1,0
67,16500,17686750,552710.0,1,1,0,1,1,0
68,16750,17687000,552718.0,1,1,0,1,1,0
69,17000,17687250,552726.0,1,1,0,1,1,0
70,17250,17687500,552734.0,1,1,0,1,1,0
71,17500,17687750,552742.0,1,1,0,1,1,0
72,17750,17688000,552750.0,1,1,0,1,1,0
77,19000,17689250,552789.0,1,1,0,1,1,0
78,19250,17689500,552796.0,1,1,0,1,1,0
79,19500,17689750,552804.0,1,1,0,1,1,0
80,19750,17690000,552812.0,0,1,0,1,1,0
81,20000,17690250,552820.0,0,1,0,1,1,0
82,20250,17690500,552828.0,0,1,0,1,1,0
83,20500,17690750,552835.0,0,1,0,1,1,0
117,29000,17699250,553101.0,0,1,0,1,1,0
118,29250,17699500,553109.0,0,1,0,1,1,0
119,29500,17699750,553117.0,0,1,0,1,1,0
120,29750,17700000,553125.0,1,0,0,1,1,0
121,30000,17700250,553132.0,1,0,0,1,1,0
122,30250,17700500,553140.0,1,0,0,1,1,0
123,30500,17700750,553148.0,1,0,0,1,1,0
157,39000,17709250,553414.0,1,0,0,1,1,0
158,39250,17709500,553421.0,1,0,0,1,1,0
159,39500,17709750,553429.0,1,0,0,1,1,0
160,39750,17710000,553437.0,0,0,0,1,1,0
161,40000,17710250,553445.0,0,0,0,1,1,0
162,40250,17710500,553453.0,0,0,0,1,1,0
163,40500,17710750,553460.0,0,0,0,1,1,0
195,48500,17718750,553710.0,0,0,0,1,1,0
196,48750,17719000,553718.0,0,0,0,1,1,0
197,49000,17719250,553726.0,0,0,0,1,1,0
198,49250,17719500,553734.0,0,0,0,1,1,0
199,49500,17719750,553742.0,0,0,0,1,1,0
200,49750,17720000,553750.0,1,1,1,0,1,0
201,50000,17720250,553757.0,1,1,1,0,1,0
202,50250,17720500,553765.0,1,1,1,0,1,0
203,50500,17720750,553773.0,1,1,1,0,1,0
237,59000,17729250,554039.0,1,1,1,0,1,0
238,59250,17729500,554046.0,1,1,1,0,1,0
239,59500,17729750,554054.0,1,1,1,0,1,0
240,59750,17730000,554062.0,0,1,1,0,1,0
241,60000,17730250,554070.0,0,1,1,0,1,0
242,60250,17730500,554078.0,0,1,1,0,1,0
243,60500,17730750,554085.0,0,1,1,0,1,0
277,69000,17739250,554351.0,0,1,1,0,1,0
278,69250,17739500,554359.0,0,1,1,0,1,0
279,69500,17739750,554367.0,0,1,1,0,1,0
280,69750,17740000,554375.0,1,0,1,0,1,0
281,70000,17740250,554382.0,1,0,1,0,1,0
282,70250,17740500,554390.0,1,0,1,0,1,0
283,70500,17740750,554398.0,1,0,1,0,1,0
317,79000,17749250,554664.0,1,0,1,0,1,0
318,79250,17749500,554671.0,1,0,1,0,1,0
319,79500,17749750,554679.0,1,0,1,0,1,0
320,79750,17750000,554687.0,0,0,1,0,1,0
321,80000,17750250,554695.0,0,0,1,0,1,0
322,80250,17750500,554703.0,0,0,1,0,1,0
323,80500,17750750,554710.0,0,0,1,0,1,0
356,88750,17759000,554968.0,0,0,1,0,1,0
357,89000,17759250,554976.0,0,0,1,0,1,0
358,89250,17759500,554984.0,0,0,1,0,1,0
359,89500,17759750,554992.0,0,0,1,0,1,0
360,89750,17760000,555000.0,1,1,0,0,1,0
361,90000,17760250,555007.0,1,1,0,0,1,0
362,90250,17760500,555015.0,1,1,0,0,1,0
363,90500,17760750,555023.0,1,1,0,0,1,0
397,99000,17769250,555289.0,1,1,0,0,1,0
398,99250,17769500,555296.0,1,1,0,0,1,0
399,99500,17769750,555304.0,1,1,0,0,1,0
400,99750,17770000,555312.0,0,1,0,0,1,0
401,100000,17770250,555320.0,0,1,0,0,1,0
402,100250,17770500,555328.0,0,1,0,0,1,0
403,100500,17770750,555335.0,0,1,0,0,1,0
437,109000,17779250,555601.0,0,1,0,0,1,0
438,109250,17779500,555609.0,0,1,0,0,1,0
439,109500,17779750,555617.0,0,1,0,0,1,0
440,109750,17780000,555625.0,1,0,0,0,1,0
441,110000,17780250,555632.0,1,0,0,0,1,0
442,110250,17780500,555640.0,1,0,0,0,1,0
443,110500,17780750,555648.0,1,0,0,0,1,0
477,119000,17789250,555914.0,1,0,0,0,1,0
478,119250,17789500,555921.0,1,0,0,0,1,0
479,119500,17789750,555929.0,1,0,0,0,1,0
480,119750,17790000,555937.0,0,0,0,0,1,0
481,120000,17790250,555945.0,0,0,0,0,1,0
482,120250,17790500,555953.0,0,0,0,0,1,0
483,120500,17790750,555960.0,0,0,0,0,1,0
514,128250,17798500,556203.0,0,0,0,0,1,0
515,128500,17798750,556210.0,0,0,0,0,1,0
516,128750,17799000,556218.0,0,0,0,0,1,0
517,129000,17799250,556226.0,0,0,0,0,1,0
518,129250,17799500,556234.0,0,0,0,0,1,0
519,129500,17799750,556242.0,0,0,0,0,1,0
520,129750,17800000,556250.0,1,1,1,1,1,0
521,130000,17800250,556257.0,1,1,1,1,1,0
522,130250,17800500,556265.0,1,1,1,1,1,0
523,130500,17800750,556273.0,1,1,1,1,1,0
524,130750,17801000,556281.0,1,1,1,1,1,0
525,131000,17801250,556289.0,1,1,1,1,1,0
557,139000,17809250,556539.0,1,1,1,1,1,0
558,139250,17809500,556546.0,1,1,1,1,1,0
559,139500,17809750,556554.0,1,1,1,1,1,0
560,139750,17810000,556562.0,0,1,1,1,1,0
561,140000,17810250,556570.0,0,1,1,1,1,0
562,140250,17810500,556578.0,0,1,1,1,1,0
563,140500,17810750,556585.0,0,1,1,1,1,0
597,149000,17819250,556851.0,0,1,1,1,1,0
598,149250,17819500,556859.0,0,1,1,1,1,0
599,149500,17819750,556867.0,0,1,1,1,1,0
600,149750,17820000,556875.0,1,0,1,1,1,0
601,150000,17820250,556882.0,1,0,1,1,1,0
602,150250,17820500,556890.0,1,0,1,1,1,0
603,150500,17820750,556898.0,1,0,1,1,1,0
637,159000,17829250,557164.0,1,0,1,1,1,0
638,159250,17829500,557171.0,1,0,1,1,1,0
639,159500,17829750,557179.0,1,0,1,1,1,0
640,159750,17830000,557187.0,0,0,1,1,1,0
641,160000,17830250,557195.0,0,0,1,1,1,0
642,160250,17830500,557203.0,0,0,1,1,1,0
643,160500,17830750,557210.0,0,0,1,1,1,0
676,168750,17839000,557468.0,0,0,1,1,1,0
677,169000,17839250,557476.0,0,0,1,1,1,0
678,169250,17839500,557484.0,0,0,1,1,1,0
679,169500,17839750,557492.0,0,0,1,1,1,0
680,169750,17840000,557500.0,1,1,0,1,1,0
681,170000,17840250,557507.0,1,1,0,1,1,0
682,170250,17840500,557515.0,1,1,0,1,1,0
683,170500,17840750,557523.0,1,1,0,1,1,0
717,179000,17849250,557789.0,1,1,0,1,1,0
718,179250,17849500,557796.0,1,1,0,1,1,0
719,179500,17849750,557804.0,1,1,0,1,1,0
720,179750,17850000,557812.0,0,1,0,1,1,0
721,180000,17850250,557820.0,0,1,0,1,1,0
722,180250,17850500,557828.0,0,1,0,1,1,0
723,180500,17850750,557835.0,0,1,0,1,1,0
757,189000,17859250,558101.0,0,1,0,1,1,0
758,189250,17859500,558109.0,0,1,0,1,1,0
759,189500,17859750,558117.0,0,1,0,1,1,0
760,189750,17860000,558125.0,1,0,0,1,1,0
761,190000,17860250,558132.0,1,0,0,1,1,0
762,190250,17860500,558140.0,1,0,0,1,1,0
763,190500,17860750,558148.0,1,0,0,1,1,0
797,199000,17869250,558414.0,1,0,0,1,1,0
798,199250,17869500,558421.0,1,0,0,1,1,0
799,199500,17869750,558429.0,1,0,0,1,1,0
800,199750,17870000,558437.0,0,0,0,1,1,0
801,200000,17870250,558445.0,0,0,0,1,1,0
802,200250,17870500,558453.0,0,0,0,1,1,0
803,200500,17870750,558460.0,0,0,0,1,1,0
835,208500,17878750,558710.0,0,0,0,1,1,0
836,208750,17879000,558718.0,0,0,0,1,1,0
837,209000,17879250,558726.0,0,0,0,1,1,0
838,209250,17879500,558734.0,0,0,0,1,1,0
839,209500,17879750,558742.0,0,0,0,1,1,0
840,209750,17880000,558750.0,1,1,1,0,1,0
841,210000,17880250,558757.0,1,1,1,0,1,0
842,210250,17880500,558765.0,1,1,1,0,1,0
843,210500,17880750,558773.0,1,1,1,0,1,0
877,219000,17889250,559039.0,1,1,1,0,1,0
878,219250,17889500,559046.0,1,1,1,0,1,0
879,219500,17889750,559054.0,1,1,1,0,1,0
880,219750,17890000,559062.0,0,1,1,0,1,0
881,220000,17890250,559070.0,0,1,1,0,1,0
882,220250,17890500,559078.0,0,1,1,0,1,0
883,220500,17890750,559085.0,0,1,1,0,1,0
917,229000,17899250,559351.0,0,1,1,0,1,0
918,229250,17899500,559359.0,0,1,1,0,1,0
919,229500,17899750,559367.0,0,1,1,0,1,0
920,229750,17900000,559375.0,1,0,1,0,1,0
921,230000,17900250,559382.0,1,0,1,0,1,0
922,230250,17900500,559390.0,1,0,1,0,1,0
923,230500,17900750,559398.0,1,0,1,0,1,0
957,239000,17909250,559664.0,1,0,1,0,1,0
958,239250,17909500,559671.0,1,0,1,0,1,0
959,239500,17909750,559679.0,1,0,1,0,1,0
960,239750,17910000,559687.0,0,0,1,0,1,0
961,240000,17910250,559695.0,0,0,1,0,1,0
962,240250,17910500,559703.0,0,0,1,0,1,0
963,240500,17910750,559710.0,0,0,1,0,1,0
996,248750,17919000,559968.0,0,0,1,0,1,0
997,249000,17919250,559976.0,0,0,1,0,1,0
998,249250,17919500,559984.0,0,0,1,0,1,0
999,249500,17919750,559992.0,0,0,1,0,1,0
1000,249750,17920000,560000.0,1,1,0,0,1,0
1001,250000,17920250,560007.0,1,1,0,0,1,0
1002,250250,17920500,560015.0,1,1,0,0,1,0
1003,250500,17920750,560023.0,1,1,0,0,1,0
1037,259000,17929250,560289.0,1,1,0,0,1,0
1038,259250,17929500,560296.0,1,1,0,0,1,0
1039,259500,17929750,560304.0,1,1,0,0,1,0
1040,259750,17930000,560312.0,0,1,0,0,1,0
1041,260000,17930250,560320.0,0,1,0,0,1,0
1042,260250,17930500,560328.0,0,1,0,0,1,0
1043,260500,17930750,560335.0,0,1,0,0,1,0
1077,269000,17939250,560601.0,0,1,0,0,1,0
1078,269250,17939500,560609.0,0,1,0,0,1,0
1079,269500,17939750,560617.0,0,1,0,0,1,0
1080,269750,17940000,560625.0,1,0,0,0,1,0
1081,270000,17940250,560632.0,1,0,0,0,1,0
1082,270250,17940500,560640.0,1,0,0,0,1,0
1083,270500,17940750,560648.0,1,0,0,0,1,0
1117,279000,17949250,560914.0,1,0,0,0,1,0
1118,279250,17949500,560921.0,1,0,0,0,1,0
1119,279500,17949750,560929.0,1,0,0,0,1,0
1120,279750,17950000,560937.0,0,0,0,0,1,0
1121,280000,17950250,560945.0,0,0,0,0,1,0
1122,280250,17950500,560953.0,0,0,0,0,1,0
1123,280500,17950750,560960.0,0,0,0,0,1,0
1154,288250,17958500,561203.0,0,0,0,0,1,0
1155,288500,17958750,561210.0,0,0,0,0,1,0
1156,288750,17959000,561218.0,0,0,0,0,1,0
1157,289000,17959250,561226.0,0,0,0,0,1,0
1158,289250,17959500,561234.0,0,0,0,0,1,0
1159,289500,17959750,561242.0,0,0,0,0,1,0
1160,289750,17960000,561250.0,1,1,1,1,1,0
1161,290000,17960250,561257.0,1,1,1,1,1,0
1162,290250,17960500,561265.0,1,1,1,1,1,0
1163,290500,17960750,561273.0,1,1,1,1,1,0
1164,290750,17961000,561281.0,1,1,1,1,1,0
1165,291000,17961250,561289.0,1,1,1,1,1,0
1197,299000,17969250,561539.0,1,1,1,1,1,0
1198,299250,17969500,561546.0,1,1,1,1,1,0
1199,299500,17969750,561554.0,1,1,1,1,1,0
1200,299750,17970000,561562.0,0,1,1,1,1,0
1201,300000,17970250,561570.0,0,1,1,1,1,0
1202,300250,17970500,561578.0,0,1,1,1,1,0
1203,300500,17970750,561585.0,0,1,1,1,1,0
1237,309000,17979250,561851.0,0,1,1,1,1,0
1238,309250,17979500,561859.0,0,1,1,1,1,0
1239,309500,17979750,561867.0,0,1,1,1,1,0
1240,309750,17980000,561875.0,1,0,1,1,1,0
1241,310000,17980250,561882.0,1,0,1,1,1,0
1242,310250,17980500,561890.0,1,0,1,1,1,0
1243,310500,17980750,561898.0,1,0,1,1,1,0
1277,319000,17989250,562164.0,1,0,1,1,1,0
1278,319250,17989500,562171.0,1,0,1,1,1,0
1279,319500,17989750,562179.0,1,0,1,1,1,0
1280,319750,17990000,562187.0,0,0,1,1,1,0
1281,320000,17990250,562195.0,0,0,1,1,1,0
1282,320250,17990500,562203.0,0,0,1,1,1,0
1283,320500,17990750,562210.0,0,0,1,1,1,0
1316,328750,17999000,562468.0,0,0,1,1,1,0
1317,329000,17999250,562476.0,0,0,1,1,1,0
1318,329250,17999500,562484.0,0,0,1,1,1,0
1319,329500,17999750,562492.0,0,0,1,1,1,0
1320,329750,18000000,562500.0,1,1,0,1,1,0
1321,330000,18000250,562507.0,1,1,0,1,1,0
1322,330250,18000500,562515.0,1,1,0,1,1,0
1323,330500,18000750,562523.0,1,1,0,1,1,0
1357,339000,18009250,562789.0,1,1,0,1,1,0
1358,339250,18009500,562796.0,1,1,0,1,1,0
1359,339500,18009750,562804.0,1,1,0,1,1,0
1360,339750,18010000,562812.0,0,1,0,1,1,0
1361,340000,18010250,562820.0,0,1,0,1,1,0
1362,340250,18010500,562828.0,0,1,0,1,1,0
1363,340500,18010750,562835.0,0,1,0,1,1,0
1397,349000,18019250,563101.0,0,1,0,1,1,0
1398,349250,18019500,563109.0,0,1,0,1,1,0
1399,349500,18019750,563117.0,0,1,0,1,1,0
1400,349750,18020000,563125.0,1,0,0,1,1,0
1401,350000,18020250,563132.0,1,0,0,1,1,0
1402,350250,18020500,563140.0,1,0,0,1,1,0
1403,350500,18020750,563148.0,1,0,0,1,1,0
1437,359000,18029250,563414.0,1,0,0,1,1,0
1438,359250,18029500,563421.0,1,0,0,1,1,0
1439,359500,18029750,563429.0,1,0,0,1,1,0
1440,359750,18030000,563437.0,0,0,0,1,1,0
1441,360000,18030250,563445.0,0,0,0,1,1,0
1442,360250,18030500,563453.0,0,0,0,1,1,0
1443,360500,18030750,563460.0,0,0,0,1,1,0
1475,368500,18038750,563710.0,0,0,0,1,1,0
1476,368750,18039000,563718.0,0,0,0,1,1,0
1477,369000,18039250,563726.0,0,0,0,1,1,0
1478,369250,18039500,563734.0,0,0,0,1,1,0
1479,369500,18039750,563742.0,0,0,0,1,1,0
1480,369750,18040000,563750.0,1,1,1,0,1,0
1481,370000,18040250,563757.0,1,1,1,0,1,0
1482,370250,18040500,563765.0,1,1,1,0,1,0
1483,370500,18040750,563773.0,1,1,1,0,1,0
1517,379000,18049250,564039.0,1,1,1,0,1,0
1518,379250,18049500,564046.0,1,1,1,0,1,0
1519,379500,18049750,564054.0,1,1,1,0,1,0
1520,379750,18050000,564062.0,0,1,1,0,1,0
1521,380000,18050250,564070.0,0,1,1,0,1,0
1522,380250,18050500,564078.0,0,1,1,0,1,0
1523,380500,18050750,564085.0,0,1,1,0,1,0
1557,389000,18059250,564351.0,0,1,1,0,1,0
1558,389250,18059500,564359.0,0,1,1,0,1,0
1559,389500,18059750,564367.0,0,1,1,0,1,0
1560,389750,18060000,564375.0,1,0,1,0,1,0
1561,390000,18060250,564382.0,1,0,1,0,1,0
1562,390250,18060500,564390.0,1,0,1,0,1,0
1563,390500,18060750,564398.0,1,0,1,0,1,0
1597,399000,18069250,564664.0,1,0,1,0,1,0
1598,399250,18069500,564671.0,1,0,1,0,1,0
1599,399500,18069750,564679.0,1,0,1,0,1,0
1600,399750,18070000,564687.0,0,0,1,0,1,0
1601,400000,18070250,564695.0,0,0,1,0,1,0
1602,400250,18070500,564703.0,0,0,1,0,1,0
1603,400500,18070750,564710.0,0,0,1,0,1,0
1636,408750,18079000,564968.0,0,0,1,0,1,0
1637,409000,18079250,564976.0,0,0,1,0,1,0
1638,409250,18079500,564984.0,0,0,1,0,1,0
1639,409500,18079750,564992.0,0,0,1,0,1,0
1640,409750,18080000,565000.0,1,1,0,0,1,0
1641,410000,18080250,565007.0,1,1,0,0,1,0
1642,410250,18080500,565015.0,1,1,0,0,1,0
1643,410500,18080750,565023.0,1,1,0,0,1,0
1677,419000,18089250,565289.0,1,1,0,0,1,0
1678,419250,18089500,565296.0,1,1,0,0,1,0
1679,419500,18089750,565304.0,1,1,0,0,1,0
1680,419750,18090000,565312.0,0,1,0,0,1,0
1681,420000,18090250,565320.0,0,1,0,0,1,0
1682,420250,18090500,565328.0,0,1,0,0,1,0
1683,420500,18090750,565335.0,0,1,0,0,1,0
1717,429000,18099250,565601.0,0,1,0,0,1,0
1718,429250,18099500,565609.0,0,1,0,0,1,0
1719,429500,18099750,565617.0,0,1,0,0,1,0
1720,429750,18100000,565625.0,1,0,0,0,1,0
1721,430000,18100250,565632.0,1,0,0,0,1,0
1722,430250,18100500,565640.0,1,0,0,0,1,0
1723,430500,18100750,565648.0,1,0,0,0,1,0
1757,439000,18109250,565914.0,1,0,0,0,1,0
1758,439250,18109500,565921.0,1,0,0,0,1,0
1759,439500,18109750,565929.0,1,0,0,0,1,0
1760,439750,18110000,565937.0,0,0,0,0,1,0
1761,440000,18110250,565945.0,0,0,0,0,1,0
1762,440250,18110500,565953.0,0,0,0,0,1,0
1763,440500,18110750,565960.0,0,0,0,0,1,0
1794,448250,18118500,566203.0,0,0,0,0,1,0
1795,448500,18118750,566210.0,0,0,0,0,1,0
1796,448750,18119000,566218.0,0,0,0,0,1,0
1797,449000,18119250,566226.0,0,0,0,0,1,0
1798,449250,18119500,566234.0,0,0,0,0,1,0
1799,449500,18119750,566242.0,0,0,0,0,1,0
1800,449750,18120000,566250.0,1,1,1,1,1,0
1801,450000,18120250,566257.0,1,1,1,1,1,0
1802,450250,18120500,566265.0,1,1,1,1,1,0
1803,450500,18120750,566273.0,1,1,1,1,1,0
1804,450750,18121000,566281.0,1,1,1,1,1,0
1805,451000,18121250,566289.0,1,1,1,1,1,0
1837,459000,18129250,566539.0,1,1,1,1,1,0
1838,459250,18129500,566546.0,1,1,1,1,1,0
1839,459500,18129750,566554.0,1,1,1,1,1,0
1840,459750,18130000,566562.0,0,1,1,1,1,0
1841,460000,18130250,566570.0,0,1,1,1,1,0
1842,460250,18130500,566578.0,0,1,1,1,1,0
1843,460500,18130750,566585.0,0,1,1,1,1,0
1877,469000,18139250,566851.0,0,1,1,1,1,0
1878,469250,18139500,566859.0,0,1,1,1,1,0
1879,469500,18139750,566867.0,0,1,1,1,1,0
1880,469750,18140000,566875.0,1,0,1,1,1,0
1881,470000,18140250,566882.0,1,0,1,1,1,0
1882,470250,18140500,566890.0,1,0,1,1,1,0
1883,470500,18140750,566898.0,1,0,1,1,1,0
1917,479000,18149250,567164.0,1,0,1,1,1,0
1918,479250,18149500,567171.0,1,0,1,1,1,0
1919,479500,18149750,567179.0,1,0,1,1,1,0
1920,479750,18150000,567187.0,0,0,1,1,1,0
1921,480000,18150250,567195.0,0,0,1,1,1,0
1922,480250,18150500,567203.0,0,0,1,1,1,0
1923,480500,18150750,567210.0,0,0,1,1,1,0
1956,488750,18159000,567468.0,0,0,1,1,1,0
1957,489000,18159250,567476.0,0,0,1,1,1,0
1958,489250,18159500,567484.0,0,0,1,1,1,0
1959,489500,18159750,567492.0,0,0,1,1,1,0
1960,489750,18160000,567500.0,1,1,0,1,1,0
1961,490000,18160250,567507.0,1,1,0,1,1,0
1962,490250,18160500,567515.0,1,1,0,1,1,0
1963,490500,18160750,567523.0,1,1,0,1,1,0
1997,499000,18169250,567789.0,1,1,0,1,1,0
1998,499250,18169500,567796.0,1,1,0,1,1,0
1999,499500,18169750,567804.0,1,1,0,1,1,0
2000,499750,18170000,567812.0,0,1,0,1,1,0
2001,500000,18170250,567820.0,0,1,0,1,1,0
2002,500250,18170500,567828.0,0,1,0,1,1,0
2003,500500,18170750,567835.0,0,1,0,1,1,0
2037,509000,18179250,568101.0,0,1,0,1,1,0
2038,509250,18179500,568109.0,0,1,0,1,1,0
2039,509500,18179750,568117.0,0,1,0,1,1,0
2040,509750,18180000,568125.0,1,0,0,1,1,0
2041,510000,18180250,568132.0,1,0,0,1,1,0
2042,510250,18180500,568140.0,1,0,0,1,1,0
2043,510500,18180750,568148.0,1,0,0,1,1,0
2077,519000,18189250,568414.0,1,0,0,1,1,0
2078,519250,18189500,568421.0,1,0,0,1,1,0
2079,519500,18189750,568429.0,1,0,0,1,1,0
2080,519750,18190000,568437.0,0,0,0,1,1,0
2081,520000,18190250,568445.0,0,0,0,1,1,0
2082,520250,18190500,568453.0,0,0,0,1,1,0
2083,520500,18190750,568460.0,0,0,0,1,1,0
2115,528500,18198750,568710.0,0,0,0,1,1,0
2116,528750,18199000,568718.0,0,0,0,1,1,0
2117,529000,18199250,568726.0,0,0,0,1,1,0
2118,529250,18199500,568734.0,0,0,0,1,1,0
2119,529500,18199750,568742.0,0,0,0,1,1,0
2120,529750,18200000,568750.0,1,1,1,0,1,0
2121,530000,18200250,568757.0,1,1,1,0,1,0
2122,530250,18200500,568765.0,1,1,1,0,1,0
2123,530500,18200750,568773.0,1,1,1,0,1,0
2157,539000,18209250,569039.0,1,1,1,0,1,0
2158,539250,18209500,569046.0,1,1,1,0,1,0
2159,539500,18209750,569054.0,1,1,1,0,1,0
2160,539750,18210000,569062.0,0,1,1,0,1,0
2161,540000,18210250,569070.0,0,1,1,0,1,0
2162,540250,18210500,569078.0,0,1,1,0,1,0
2163,540500,18210750,569085.0,0,1,1,0,1,0
2197,549000,18219250,569351.0,0,1,1,0,1,0
2198,549250,18219500,569359.0,0,1,1,0,1,0
2199,549500,18219750,569367.0,0,1,1,0,1,0
2200,549750,18220000,569375.0,1,0,1,0,1,0
2201,550000,18220250,569382.0,1,0,1,0,1,0
2202,550250,18220500,569390.0,1,0,1,0,1,0
2203,550500,18220750,569398.0,1,0,1,0,1,0
2237,559000,18229250,569664.0,1,0,1,0,1,0
2238,559250,18229500,569671.0,1,0,1,0,1,0
2239,559500,18229750,569679.0,1,0,1,0,1,0
2240,559750,18230000,569687.0,0,0,1,0,1,0
2241,560000,18230250,569695.0,0,0,1,0,1,0
2242,560250,18230500,569703.0,0,0,1,0,1,0
2243,560500,18230750,569710.0,0,0,1,0,1,0
2276,568750,18239000,569968.0,0,0,1,0,1,0
2277,569000,18239250,569976.0,0,0,1,0,1,0
2278,569250,18239500,569984.0,0,0,1,0,1,0
2279,569500,18239750,569992.0,0,0,1,0,1,0
2280,569750,18240000,570000.0,1,1,0,0,1,0
2281,570000,18240250,570007.0,1,1,0,0,1,0
2282,570250,18240500,570015.0,1,1,0,0,1,0
2283,570500,18240750,570023.0,1,1,0,0,1,0
2317,579000,18249250,570289.0,1,1,0,0,1,0
2318,579250,18249500,570296.0,1,1,0,0,1,0
2319,579500,18249750,570304.0,1,1,0,0,1,0
2320,579750,18250000,570312.0,0,1,0,0,1,0
2321,580000,18250250,570320.0,0,1,0,0,1,0
2322,580250,18250500,570328.0,0,1,0,0,1,0
2323,580500,18250750,570335.0,0,1,0,0,1,0
2357,589000,18259250,570601.0,0,1,0,0,1,0
2358,589250,18259500,570609.0,0,1,0,0,1,0
2359,589500,18259750,570617.0,0,1,0,0,1,0
2360,589750,18260000,570625.0,1,0,0,0,1,0
2361,590000,18260250,570632.0,1,0,0,0,1,0
2362,590250,18260500,570640.0,1,0,0,0,1,0
2363,590500,18260750,570648.0,1,0,0,0,1,0
2397,599000,18269250,570914.0,1,0,0,0,1,0
2398,599250,18269500,570921.0,1,0,0,0,1,0
2399,599500,18269750,570929.0,1,0,0,0,1,0
2400,599750,18270000,570937.0,0,0,0,0,1,0
2401,600000,18270250,570945.0,0,0,0,0,1,0
2402,600250,18270500,570953.0,0,0,0,0,1,0
2403,600500,18270750,570960.0,0,0,0,0,1,0
2434,608250,18278500,571203.0,0,0,0,0,1,0
2435,608500,18278750,571210.0,0,0,0,0,1,0
2436,608750,18279000,571218.0,0,0,0,0,1,0
2437,609000,18279250,571226.0,0,0,0,0,1,0
2438,609250,18279500,571234.0,0,0,0,0,1,0
2439,609500,18279750,571242.0,0,0,0,0,1,0
2440,609750,18280000,571250.0,1,1,1,1,1,0
2441,610000,18280250,571257.0,1,1,1,1,1,0
2442,610250,18280500,571265.0,1,1,1,1,1,0
2443,610500,18280750,571273.0,1,1,1,1,1,0
2444,610750,18281000,571281.0,1,1,1,1,1,0
2445,611000,18281250,571289.0,1,1,1,1,1,0
2477,619000,18289250,571539.0,1,1,1,1,1,0
2478,619250,18289500,571546.0,1,1,1,1,1,0
2479,619500,18289750,571554.0,1,1,1,1,1,0
2480,619750,18290000,571562.0,0,1,1,1,1,0
2481,620000,18290250,571570.0,0,1,1,1,1,0
2482,620250,18290500,571578.0,0,1,1,1,1,0
2483,620500,18290750,571585.0,0,1,1,1,1,0
2517,629000,18299250,571851.0,0,1,1,1,1,0
2518,629250,18299500,571859.0,0,1,1,1,1,0
2519,629500,18299750,571867.0,0,1,1,1,1,0
2520,629750,18300000,571875.0,1,0,1,1,1,0
2521,630000,18300250,571882.0,1,0,1,1,1,0
2522,630250,18300500,571890.0,1,0,1,1,1,0
2523,630500,18300750,571898.0,1,0,1,1,1,0
2557,639000,18309250,572164.0,1,0,1,1,1,0
2558,639250,18309500,572171.0,1,0,1,1,1,0
2559,639500,18309750,572179.0,1,0,1,1,1,0
2560,639750,18310000,572187.0,0,0,1,1,1,0
2561,640000,18310250,572195.0,0,0,1,1,1,0
2562,640250,18310500,572203.0,0,0,1,1,1,0
2563,640500,18310750,572210.0,0,0,1,1,1,0
2596,648750,18319000,572468.0,0,0,1,1,1,0
2597,649000,18319250,572476.0,0,0,1,1,1,0
2598,649250,18319500,572484.0,0,0,1,1,1,0
2599,649500,18319750,572492.0,0,0,1,1,1,0
2600,649750,18320000,572500.0,1,1,0,1,1,0
2601,650000,18320250,572507.0,1,1,0,1,1,0
2602,650250,18320500,572515.0,1,1,0,1,1,0
2603,650500,18320750,572523.0,1,1,0,1,1,0
2637,659000,18329250,572789.0,1,1,0,1,1,0
2638,659250,18329500,572796.0,1,1,0,1,1,0
2639,659500,18329750,572804.0,1,1,0,1,1,0
2640,659750,18330000,572812.0,0,1,0,1,1,0
2641,660000,18330250,572820.0,0,1,0,1,1,0
2642,660250,18330500,572828.0,0,1,0,1,1,0
2643,660500,18330750,572835.0,0,1,0,1,1,0
2677,669000,18339250,573101.0,0,1,0,1,1,0
2678,669250,18339500,573109.0,0,1,0,1,1,0
2679,669500,18339750,573117.0,0,1,0,1,1,0
2680,669750,18340000,573125.0,1,0,0,1,1,0
2681,670000,18340250,573132.0,1,0,0,1,1,0
2682,670250,18340500,573140.0,1,0,0,1,1,0
2683,670500,18340750,573148.0,1,0,0,1,1,0
2717,679000,18349250,573414.0,1,0,0,1,1,0
2718,679250,18349500,573421.0,1,0,0,1,1,0
2719,679500,18349750,573429.0,1,0,0,1,1,0
2720,679750,18350000,573437.0,0,0,0,1,1,0
2721,680000,18350250,573445.0,0,0,0,1,1,0
2722,680250,18350500,573453.0,0,0,0,1,1,0
2723,680500,18350750,573460.0,0,0,0,1,1,0
2755,688500,18358750,573710.0,0,0,0,1,1,0
2756,688750,18359000,573718.0,0,0,0,1,1,0
2757,689000,18359250,573726.0,0,0,0,1,1,0
2758,689250,18359500,573734.0,0,0,0,1,1,0
2759,689500,18359750,573742.0,0,0,0,1,1,0
2760,689750,18360000,573750.0,1,1,1,0,1,0
2761,690000,18360250,573757.0,1,1,1,0,1,0
2762,690250,18360500,573765.0,1,1,1,0,1,0
2763,690500,18360750,573773.0,1,1,1,0,1,0
2797,699000,18369250,574039.0,1,1,1,0,1,0
2798,699250,18369500,574046.0,1,1,1,0,1,0
2799,699500,18369750,574054.0,1,1,1,0,1,0
2800,699750,18370000,574062.0,0,1,1,0,1,0
2801,700000,18370250,574070.0,0,1,1,0,1,0
2802,700250,18370500,574078.0,0,1,1,0,1,0
2803,700500,18370750,574085.0,0,1,1,0,1,0
2837,709000,18379250,574351.0,0,1,1,0,1,0
2838,709250,18379500,574359.0,0,1,1,0,1,0
2839,709500,18379750,574367.0,0,1,1,0,1,0
2840,709750,18380000,574375.0,1,0,1,0,1,0
2841,710000,18380250,574382.0,1,0,1,0,1,0
2842,710250,18380500,574390.0,1,0,1,0,1,0
2843,710500,18380750,574398.0,1,0,1,0,1,0
2877,719000,18389250,574664.0,1,0,1,0,1,0
2878,719250,18389500,574671.0,1,0,1,0,1,0
2879,719500,18389750,574679.0,1,0,1,0,1,0
2880,719750,18390000,574687.0,0,0,1,0,1,0
2881,720000,18390250,574695.0,0,0,1,0,1,0
2882,720250,18390500,574703.0,0,0,1,0,1,0
2883,720500,18390750,574710.0,0,0,1,0,1,0
2916,728750,18399000,574968.0,0,0,1,0,1,0
2917,729000,18399250,574976.0,0,0,1,0,1,0
2918,729250,18399500,574984.0,0,0,1,0,1,0
2919,729500,18399750,574992.0,0,0,1,0,1,0
2920,729750,18400000,575000.0,1,1,0,0,1,0
2921,730000,18400250,575007.0,1,1,0,0,1,0
2922,730250,18400500,575015.0,1,1,0,0,1,0
2923,730500,18400750,575023.0,1,1,0,0,1,0
2957,739000,18409250,575289.0,1,1,0,0,1,0
2958,739250,18409500,575296.0,1,1,0,0,1,0
2959,739500,18409750,575304.0,1,1,0,0,1,0
2960,739750,18410000,575312.0,0,1,0,0,1,0
2961,740000,18410250,575320.0,0,1,0,0,1,0
2962,740250,18410500,575328.0,0,1,0,0,1,0
2963,740500,18410750,575335.0,0,1,0,0,1,0
2997,749000,18419250,575601.0,0,1,0,0,1,0
2998,749250,18419500,575609.0,0,1,0,0,1,0
2999,749500,18419750,575617.0,0,1,0,0,1,0
3000,749750,18420000,575625.0,1,0,0,0,1,0
3001,750000,18420250,575632.0,1,0,0,0,1,0
3002,750250,18420500,575640.0,1,0,0,0,1,0
3003,750500,18420750,575648.0,1,0,0,0,1,0
3037,759000,18429250,575914.0,1,0,0,0,1,0
3038,759250,18429500,575921.0,1,0,0,0,1,0
3039,759500,18429750,575929.0,1,0,0,0,1,0
3040,759750,18430000,575937.0,0,0,0,0,1,0
3041,760000,18430250,575945.0,0,0,0,0,1,0
3042,760250,18430500,575953.0,0,0,0,0,1,0
3043,760500,18430750,575960.0,0,0,0,0,1,0
3074,768250,18438500,576203.0,0,0,0,0,1,0
3075,768500,18438750,576210.0,0,0,0,0,1,0
3076,768750,18439000,576218.0,0,0,0,0,1,0
3077,769000,18439250,576226.0,0,0,0,0,1,0
3078,769250,18439500,576234.0,0,0,0,0,1,0
3079,769500,18439750,576242.0,0,0,0,0,1,0
3080,769750,18440000,576250.0,1,1,1,1,0,0
3081,770000,18440250,576257.0,1,1,1,1,0,0
3082,770250,18440500,576265.0,1,1,1,1,0,0
3083,770500,18440750,576273.0,1,1,1,1,0,0
3084,770750,18441000,576281.0,1,1,1,1,0,0
3085,771000,18441250,576289.0,1,1,1,1,0,0
3117,779000,18449250,576539.0,1,1,1,1,0,0
3118,779250,18449500,576546.0,1,1,1,1,0,0
3119,779500,18449750,576554.0,1,1,1,1,0,0
3120,779750,18450000,576562.0,0,1,1,1,0,0
3121,780000,18450250,576570.0,0,1,1,1,0,0
3122,780250,18450500,576578.0,0,1,1,1,0,0
3123,780500,18450750,576585.0,0,1,1,1,0,0
3157,789000,18459250,576851.0,0,1,1,1,0,0
3158,789250,18459500,576859.0,0,1,1,1,0,0
3159,789500,18459750,576867.0,0,1,1,1,0,0
3160,789750,18460000,576875.0,1,0,1,1,0,0
3161,790000,18460250,576882.0,1,0,1,1,0,0
3162,790250,18460500,576890.0,1,0,1,1,0,0
3163,790500,18460750,576898.0,1,0,1,1,0,0
3197,799000,18469250,577164.0,1,0,1,1,0,0
3198,799250,18469500,577171.0,1,0,1,1,0,0
3199,799500,18469750,577179.0,1,0,1,1,0,0
3200,799750,18470000,577187.0,0,0,1,1,0,0
3201,800000,18470250,577195.0,0,0,1,1,0,0
3202,800250,18470500,577203.0,0,0,1,1,0,0
3203,800500,18470750,577210.0,0,0,1,1,0,0
3236,808750,18479000,577468.0,0,0,1,1,0,0
3237,809000,18479250,577476.0,0,0,1,1,0,0
3238,809250,18479500,577484.0,0,0,1,1,0,0
3239,809500,18479750,577492.0,0,0,1,1,0,0
3240,809750,18480000,577500.0,1,1,0,1,0,0
3241,810000,18480250,577507.0,1,1,0,1,0,0
3242,810250,18480500,577515.0,1,1,0,1,0,0
3243,810500,18480750,577523.0,1,1,0,1,0,0
3277,819000,18489250,577789.0,1,1,0,1,0,0
3278,819250,18489500,577796.0,1,1,0,1,0,0
3279,819500,18489750,577804.0,1,1,0,1,0,0
3280,819750,18490000,577812.0,0,1,0,1,0,0
3281,820000,18490250,577820.0,0,1,0,1,0,0
3282,820250,18490500,577828.0,0,1,0,1,0,0
3283,820500,18490750,577835.0,0,1,0,1,0,0
3317,829000,18499250,578101.0,0,1,0,1,0,0
3318,829250,18499500,578109.0,0,1,0,1,0,0
3319,829500,18499750,578117.0,0,1,0,1,0,0
3320,829750,18500000,578125.0,1,0,0,1,0,0
3321,830000,18500250,578132.0,1,0,0,1,0,0
3322,830250,18500500,578140.0,1,0,0,1,0,0
3323,830500,18500750,578148.0,1,0,0,1,0,0
3357,839000,18509250,578414.0,1,0,0,1,0,0
3358,839250,18509500,578421.0,1,0,0,1,0,0
3359,839500,18509750,578429.0,1,0,0,1,0,0
3360,839750,18510000,578437.0,0,0,0,1,0,0
3361,840000,18510250,578445.0,0,0,0,1,0,0
3362,840250,18510500,578453.0,0,0,0,1,0,0
3363,840500,18510750,578460.0,0,0,0,1,0,0
3395,848500,18518750,578710.0,0,0,0,1,0,0
3396,848750,18519000,578718.0,0,0,0,1,0,0
3397,849000,18519250,578726.0,0,0,0,1,0,0
3398,849250,18519500,578734.0,0,0,0,1,0,0
3399,849500,18519750,578742.0,0,0,0,1,0,0
3400,849750,18520000,578750.0,1,1,1,0,0,0
3401,850000,18520250,578757.0,1,1,1,0,0,0
3402,850250,18520500,578765.0,1,1,1,0,0,0
3403,850500,18520750,578773.0,1,1,1,0,0,0
3437,859000,18529250,579039.0,1,1,1,0,0,0
3438,859250,18529500,579046.0,1,1,1,0,0,0
3439,859500,18529750,579054.0,1,1,1,0,0,0
3440,859750,18530000,579062.0,0,1,1,0,0,0
3441,860000,18530250,579070.0,0,1,1,0,0,0
3442,860250,18530500,579078.0,0,1,1,0,0,0
3443,860500,18530750,579085.0,0,1,1,0,0,0
3477,869000,18539250,579351.0,0,1,1,0,0,0
3478,869250,18539500,579359.0,0,1,1,0,0,0
3479,869500,18539750,579367.0,0,1,1,0,0,0
3480,869750,18540000,579375.0,1,0,1,0,0,0
3481,870000,18540250,579382.0,1,0,1,0,0,0
3482,870250,18540500,579390.0,1,0,1,0,0,0
3483,870500,18540750,579398.0,1,0,1,0,0,0
3517,879000,18549250,579664.0,1,0,1,0,0,0
3518,879250,18549500,579671.0,1,0,1,0,0,0
3519,879500,18549750,579679.0,1,0,1,0,0,0
3520,879750,18550000,579687.0,0,0,1,0,0,0
3521,880000,18550250,579695.0,0,0,1,0,0,0
3522,880250,18550500,579703.0,0,0,1,0,0,0
3523,880500,18550750,579710.0,0,0,1,0,0,0
3556,888750,18559000,579968.0,0,0,1,0,0,0
3557,889000,18559250,579976.0,0,0,1,0,0,0
3558,889250,18559500,579984.0,0,0,1,0,0,0
3559,889500,18559750,579992.0,0,0,1,0,0,0
3560,889750,18560000,580000.0,1,1,0,0,0,0
3561,890000,18560250,580007.0,1,1,0,0,0,0
3562,890250,18560500,580015.0,1,1,0,0,0,0
3563,890500,18560750,580023.0,1,1,0,0,0,0
3597,899000,18569250,580289.0,1,1,0,0,0,0
3598,899250,18569500,580296.0,1,1,0,0,0,0
3599,899500,18569750,580304.0,1,1,0,0,0,0
3600,899750,18570000,580312.0,0,1,0,0,0,0
3601,900000,18570250,580320.0,0,1,0,0,0,0
3602,900250,18570500,580328.0,0,1,0,0,0,0
3603,900500,18570750,580335.0,0,1,0,0,0,0
3637,909000,18579250,580601.0,0,1,0,0,0,0
3638,909250,18579500,580609.0,0,1,0,0,0,0
3639,909500,18579750,580617.0,0,1,0,0,0,0
3640,909750,18580000,580625.0,1,0,0,0,0,0
3641,910000,18580250,580632.0,1,0,0,0,0,0
3642,910250,18580500,580640.0,1,0,0,0,0,0
3643,910500,18580750,580648.0,1,0,0,0,0,0
3677,919000,18589250,580914.0,1,0,0,0,0,0
3678,919250,18589500,580921.0,1,0,0,0,0,0
3679,919500,18589750,580929.0,1,0,0,0,0,0
3680,919750,18590000,580937.0,0,0,0,0,0,0
3681,920000,18590250,580945.0,0,0,0,0,0,0
3682,920250,18590500,580953.0,0,0,0,0,0,0
3683,920500,18590750,580960.0,0,0,0,0,0,0
3714,928250,18598500,581203.0,0,0,0,0,0,0
3715,928500,18598750,581210.0,0,0,0,0,0,0
3716,928750,18599000,581218.0,0,0,0,0,0,0
3717,929000,18599250,581226.0,0,0,0,0,0,0
3718,929250,18599500,581234.0,0,0,0,0,0,0
3719,929500,18599750,581242.0,0,0,0,0,0,0
3720,929750,18600000,581250.0,1,1,1,1,0,0
3721,930000,18600250,581257.0,1,1,1,1,0,0
3722,930250,18600500,581265.0,1,1,1,1,0,0
3723,930500,18600750,581273.0,1,1,1,1,0,0
3724,930750,18601000,581281.0,1,1,1,1,0,0
3725,931000,18601250,581289.0,1,1,1,1,0,0
3757,939000,18609250,581539.0,1,1,1,1,0,0
3758,939250,18609500,581546.0,1,1,1,1,0,0
3759,939500,18609750,581554.0,1,1,1,1,0,0
3760,939750,18610000,581562.0,0,1,1,1,0,0
3761,940000,18610250,581570.0,0,1,1,1,0,0
3762,940250,18610500,581578.0,0,1,1,1,0,0
3763,940500,18610750,581585.0,0,1,1,1,0,0
3797,949000,18619250,581851.0,0,1,1,1,0,0
3798,949250,18619500,581859.0,0,1,1,1,0,0
3799,949500,18619750,581867.0,0,1,1,1,0,0
3800,949750,18620000,581875.0,1,0,1,1,0,0
3801,950000,18620250,581882.0,1,0,1,1,0,0
3802,950250,18620500,581890.0,1,0,1,1,0,0
3803,950500,18620750,581898.0,1,0,1,1,0,0
3837,959000,18629250,582164.0,1,0,1,1,0,0
3838,959250,18629500,582171.0,1,0,1,1,0,0
3839,959500,18629750,582179.0,1,0,1,1,0,0
3840,959750,18630000,582187.0,0,0,1,1,0,0
3841,960000,18630250,582195.0,0,0,1,1,0,0
3842,960250,18630500,582203.0,0,0,1,1,0,0
3843,960500,18630750,582210.0,0,0,1,1,0,0
3876,968750,18639000,582468.0,0,0,1,1,0,0
3877,969000,18639250,582476.0,0,0,1,1,0,0
3878,969250,18639500,582484.0,0,0,1,1,0,0
3879,969500,18639750,582492.0,0,0,1,1,0,0
3880,969750,18640000,582500.0,1,1,0,1,0,0
3881,970000,18640250,582507.0,1,1,0,1,0,0
3882,970250,18640500,582515.0,1,1,0,1,0,0
3883,970500,18640750,582523.0,1,1,0,1,0,0
3917,979000,18649250,582789.0,1,1,0,1,0,0
3918,979250,18649500,582796.0,1,1,0,1,0,0
3919,979500,18649750,582804.0,1,1,0,1,0,0
3920,979750,18650000,582812.0,0,1,0,1,0,0
3921,980000,18650250,582820.0,0,1,0,1,0,0
3922,980250,18650500,582828.0,0,1,0,1,0,0
3923,980500,18650750,582835.0,0,1,0,1,0,0
3957,989000,18659250,583101.0,0,1,0,1,0,0
3958,989250,18659500,583109.0,0,1,0,1,0,0
3959,989500,18659750,583117.0,0,1,0,1,0,0
3960,989750,18660000,583125.0,1,0,0,1,0,0
3961,990000,18660250,583132.0,1,0,0,1,0,0
3962,990250,18660500,583140.0,1,0,0,1,0,0
3963,990500,18660750,583148.0,1,0,0,1,0,0
3997,999000,18669250,583414.0,1,0,0,1,0,0
3998,999250,18669500,583421.0,1,0,0,1,0,0
3999,999500,18669750,583429.0,1,0,0,1,0,0
4000,999750,18670000,583437.0,0,0,0,1,0,0
4001,1000000,18670250,583445.0,0,0,0,1,0,0
4002,1000250,18670500,583453.0,0,0,0,1,0,0
4003,1000500,18670750,583460.0,0,0,0,1,0,0
4035,1008500,18678750,583710.0,0,0,0,1,0,0
4036,1008750,18679000,583718.0,0,0,0,1,0,0
4037,1009000,18679250,583726.0,0,0,0,1,0,0
4038,1009250,18679500,583734.0,0,0,0,1,0,0
4039,1009500,18679750,583742.0,0,0,0,1,0,0
4040,1009750,18680000,583750.0,1,1,1,0,0,0
4041,1010000,18680250,583757.0,1,1,1,0,0,0
4042,1010250,18680500,583765.0,1,1,1,0,0,0
4043,1010500,18680750,583773.0,1,1,1,0,0,0
4077,1019000,18689250,584039.0,1,1,1,0,0,0
4078,1019250,18689500,584046.0,1,1,1,0,0,0
4079,1019500,18689750,584054.0,1,1,1,0,0,0
4080,1019750,18690000,584062.0,0,1,1,0,0,0
4081,1020000,18690250,584070.0,0,1,1,0,0,0
4082,1020250,18690500,584078.0,0,1,1,0,0,0
4083,1020500,18690750,584085.0,0,1,1,0,0,0
4117,1029000,18699250,584351.0,0,1,1,0,0,0
4118,1029250,18699500,584359.0,0,1,1,0,0,0
4119,1029500,18699750,584367.0,0,1,1,0,0,0
4120,1029750,18700000,584375.0,1,0,1,0,0,0
4121,1030000,18700250,584382.0,1,0,1,0,0,0
4122,1030250,18700500,584390.0,1,0,1,0,0,0
4123,1030500,18700750,584398.0,1,0,1,0,0,0
4157,1039000,18709250,584664.0,1,0,1,0,0,0
4158,1039250,18709500,584671.0,1,0,1,0,0,0
4159,1039500,18709750,584679.0,1,0,1,0,0,0
4160,1039750,18710000,584687.0,0,0,1,0,0,0
4161,1040000,18710250,584695.0,0,0,1,0,0,0
4162,1040250,18710500,584703.0,0,0,1,0,0,0
4163,1040500,18710750,584710.0,0,0,1,0,0,0
4196,1048750,18719000,584968.0,0,0,1,0,0,0
4197,1049000,18719250,584976.0,0,0,1,0,0,0
4198,1049250,18719500,584984.0,0,0,1,0,0,0
4199,1049500,18719750,584992.0,0,0,1,0,0,0
4200,1049750,18720000,585000.0,1,1,0,0,0,0
4201,1050000,18720250,585007.0,1,1,0,0,0,0
4202,1050250,18720500,585015.0,1,1,0,0,0,0
4203,1050500,18720750,585023.0,1,1,0,0,0,0
4237,1059000,18729250,585289.0,1,1,0,0,0,0
4238,1059250,18729500,585296.0,1,1,0,0,0,0
4239,1059500,18729750,585304.0,1,1,0,0,0,0
4240,1059750,18730000,585312.0,0,1,0,0,0,0
4241,1060000,18730250,585320.0,0,1,0,0,0,0
4242,1060250,18730500,585328.0,0,1,0,0,0,0
4243,1060500,18730750,585335.0,0,1,0,0,0,0
4277,1069000,18739250,585601.0,0,1,0,0,0,0
4278,1069250,18739500,585609.0,0,1,0,0,0,0
4279,1069500,18739750,585617.0,0,1,0,0,0,0
4280,1069750,18740000,585625.0,1,0,0,0,0,0
4281,1070000,18740250,585632.0,1,0,0,0,0,0
4282,1070250,18740500,585640.0,1,0,0,0,0,0
4283,1070500,18740750,585648.0,1,0,0,0,0,0
4317,1079000,18749250,585914.0,1,0,0,0,0,0
4318,1079250,18749500,585921.0,1,0,0,0,0,0
4319,1079500,18749750,585929.0,1,0,0,0,0,0
4320,1079750,18750000,585937.0,0,0,0,0,0,0
4321,1080000,18750250,585945.0,0,0,0,0,0,0
4322,1080250,18750500,585953.0,0,0,0,0,0,0
4323,1080500,18750750,585960.0,0,0,0,0,0,0
4354,1088250,18758500,586203.0,0,0,0,0,0,0
4355,1088500,18758750,586210.0,0,0,0,0,0,0
4356,1088750,18759000,586218.0,0,0,0,0,0,0
4357,1089000,18759250,586226.0,0,0,0,0,0,0
4358,1089250,18759500,586234.0,0,0,0,0,0,0
4359,1089500,18759750,586242.0,0,0,0,0,0,0
4360,1089750,18760000,586250.0,1,1,1,1,0,0
4361,1090000,18760250,586257.0,1,1,1,1,0,0
4362,1090250,18760500,586265.0,1,1,1,1,0,0
4363,1090500,18760750,586273.0,1,1,1,1,0,0
4364,1090750,18761000,586281.0,1,1,1,1,0,0
4365,1091000,18761250,586289.0,1,1,1,1,0,0
4397,1099000,18769250,586539.0,1,1,1,1,0,0
4398,1099250,18769500,586546.0,1,1,1,1,0,0
4399,1099500,18769750,586554.0,1,1,1,1,0,0
4400,1099750,18770000,586562.0,0,1,1,1,0,0
4401,1100000,18770250,586570.0,0,1,1,1,0,0
4402,1100250,18770500,586578.0,0,1,1,1,0,0
4403,1100500,18770750,586585.0,0,1,1,1,0,0
4437,1109000,18779250,586851.0,0,1,1,1,0,0
4438,1109250,18779500,586859.0,0,1,1,1,0,0
4439,1109500,18779750,586867.0,0,1,1,1,0,0
4440,1109750,18780000,586875.0,1,0,1,1,0,0
4441,1110000,18780250,586882.0,1,0,1,1,0,0
4442,1110250,18780500,586890.0,1,0,1,1,0,0
4443,1110500,18780750,586898.0,1,0,1,1,0,0
4477,1119000,18789250,587164.0,1,0,1,1,0,0
4478,1119250,18789500,587171.0,1,0,1,1,0,0
4479,1119500,18789750,587179.0,1,0,1,1,0,0
4480,1119750,18790000,587187.0,0,0,1,1,0,0
4481,1120000,18790250,587195.0,0,0,1,1,0,0
4482,1120250,18790500,587203.0,0,0,1,1,0,0
4483,1120500,18790750,587210.0,0,0,1,1,0,0
4516,1128750,18799000,587468.0,0,0,1,1,0,0
4517,1129000,18799250,587476.0,0,0,1,1,0,0
4518,1129250,18799500,587484.0,0,0,1,1,0,0
4519,1129500,18799750,587492.0,0,0,1,1,0,0
4520,1129750,18800000,587500.0,1,1,0,1,0,0
4521,1130000,18800250,587507.0,1,1,0,1,0,0
4522,1130250,18800500,587515.0,1,1,0,1,0,0
4523,1130500,18800750,587523.0,1,1,0,1,0,0
4557,1139000,18809250,587789.0,1,1,0,1,0,0
4558,1139250,18809500,587796.0,1,1,0,1,0,0
4559,1139500,18809750,587804.0,1,1,0,1,0,0
4560,1139750,18810000,587812.0,0,1,0,1,0,0
4561,1140000,18810250,587820.0,0,1,0,1,0,0
4562,1140250,18810500,587828.0,0,1,0,1,0,0
4563,1140500,18810750,587835.0,0,1,0,1,0,0
4597,1149000,18819250,588101.0,0,1,0,1,0,0
4598,1149250,18819500,588109.0,0,1,0,1,0,0
4599,1149500,18819750,588117.0,0,1,0,1,0,0
4600,1149750,18820000,588125.0,1,0,0,1,0,0
4601,1150000,18820250,588132.0,1,0,0,1,0,0
4602,1150250,18820500,588140.0,1,0,0,1,0,0
4603,1150500,18820750,588148.0,1,0,0,1,0,0
4637,1159000,18829250,588414.0,1,0,0,1,0,0
4638,1159250,18829500,588421.0,1,0,0,1,0,0
4639,1159500,18829750,588429.0,1,0,0,1,0,0
4640,1159750,18830000,588437.0,0,0,0,1,0,0
4641,1160000,18830250,588445.0,0,0,0,1,0,0
4642,1160250,18830500,588453.0,0,0,0,1,0,0
4643,1160500,18830750,588460.0,0,0,0,1,0,0
4675,1168500,18838750,588710.0,0,0,0,1,0,0
4676,1168750,18839000,588718.0,0,0,0,1,0,0
4677,1169000,18839250,588726.0,0,0,0,1,0,0
4678,1169250,18839500,588734.0,0,0,0,1,0,0
4679,1169500,18839750,588742.0,0,0,0,1,0,0
4680,1169750,18840000,588750.0,1,1,1,0,0,0
4681,1170000,18840250,588757.0,1,1,1,0,0,0
4682,1170250,18840500,588765.0,1,1,1,0,0,0
4683,1170500,18840750,588773.0,1,1,1,0,0,0
4717,1179000,18849250,589039.0,1,1,1,0,0,0
4718,1179250,18849500,589046.0,1,1,1,0,0,0
4719,1179500,18849750,589054.0,1,1,1,0,0,0
4720,1179750,18850000,589062.0,0,1,1,0,0,0
4721,1180000,18850250,589070.0,0,1,1,0,0,0
4722,1180250,18850500,589078.0,0,1,1,0,0,0
4723,1180500,18850750,589085.0,0,1,1,0,0,0
4757,1189000,18859250,589351.0,0,1,1,0,0,0
4758,1189250,18859500,589359.0,0,1,1,0,0,0
4759,1189500,18859750,589367.0,0,1,1,0,0,0
4760,1189750,18860000,589375.0,1,0,1,0,0,0
4761,1190000,18860250,589382.0,1,0,1,0,0,0
4762,1190250,18860500,589390.0,1,0,1,0,0,0
4763,1190500,18860750,589398.0,1,0,1,0,0,0
4797,1199000,18869250,589664.0,1,0,1,0,0,0
4798,1199250,18869500,589671.0,1,0,1,0,0,0
4799,1199500,18869750,589679.0,1,0,1,0,0,0
4800,1199750,18870000,589687.0,0,0,1,0,0,0
4801,1200000,18870250,589695.0,0,0,1,0,0,0
4802,1200250,18870500,589703.0,0,0,1,0,0,0
4803,1200500,18870750,589710.0,0,0,1,0,0,0
4836,1208750,18879000,589968.0,0,0,1,0,0,0
4837,1209000,18879250,589976.0,0,0,1,0,0,0
4838,1209250,18879500,589984.0,0,0,1,0,0,0
4839,1209500,18879750,589992.0,0,0,1,0,0,0
4840,1209750,18880000,590000.0,1,1,0,0,0,0
4841,1210000,18880250,590007.0,1,1,0,0,0,0
4842,1210250,18880500,590015.0,1,1,0,0,0,0
4843,1210500,18880750,590023.0,1,1,0,0,0,0
4877,1219000,18889250,590289.0,1,1,0,0,0,0
4878,1219250,18889500,590296.0,1,1,0,0,0,0
4879,1219500,18889750,590304.0,1,1,0,0,0,0
4880,1219750,18890000,590312.0,0,1,0,0,0,0
4881,1220000,18890250,590320.0,0,1,0,0,0,0
4882,1220250,18890500,590328.0,0,1,0,0,0,0
4883,1220500,18890750,590335.0,0,1,0,0,0,0
4917,1229000,18899250,590601.0,0,1,0,0,0,0
4918,1229250,18899500,590609.0,0,1,0,0,0,0
4919,1229500,18899750,590617.0,0,1,0,0,0,0
4920,1229750,18900000,590625.0,1,0,0,0,0,0
4921,1230000,18900250,590632.0,1,0,0,0,0,0
4922,1230250,18900500,590640.0,1,0,0,0,0,0
4923,1230500,18900750,590648.0,1,0,0,0,0,0
4957,1239000,18909250,590914.0,1,0,0,0,0,0
4958,1239250,18909500,590921.0,1,0,0,0,0,0
4959,1239500,18909750,590929.0,1,0,0,0,0,0
4960,1239750,18910000,590937.0,0,0,0,0,0,0
4961,1240000,18910250,590945.0,0,0,0,0,0,0
4962,1240250,18910500,590953.0,0,0,0,0,0,0
4963,1240500,18910750,590960.0,0,0,0,0,0,0
4994,1248250,18918500,591203.0,0,0,0,0,0,0
4995,1248500,18918750,591210.0,0,0,0,0,0,0
4996,1248750,18919000,591218.0,0,0,0,0,0,0
4997,1249000,18919250,591226.0,0,0,0,0,0,0
4998,1249250,18919500,591234.0,0,0,0,0,0,0
4999,1249500,18919750,591242.0,0,0,0,0,0,0
5000,1249750,18920000,591250.0,1,1,1,1,0,0
5001,1250000,18920250,591257.0,1,1,1,1,0,0
5002,1250250,18920500,591265.0,1,1,1,1,0,0
5003,1250500,18920750,591273.0,1,1,1,1,0,0
5004,1250750,18921000,591281.0,1,1,1,1,0,0
5005,1251000,18921250,591289.0,1,1,1,1,0,0
5037,1259000,18929250,591539.0,1,1,1,1,0,0
5038,1259250,18929500,591546.0,1,1,1,1,0,0
5039,1259500,18929750,591554.0,1,1,1,1,0,0
5040,1259750,18930000,591562.0,0,1,1,1,0,0
5041,1260000,18930250,591570.0,0,1,1,1,0,0
5042,1260250,18930500,591578.0,0,1,1,1,0,0
5043,1260500,18930750,591585.0,0,1,1,1,0,0
5077,1269000,18939250,591851.0,0,1,1,1,0,0
5078,1269250,18939500,591859.0,0,1,1,1,0,0
5079,1269500,18939750,591867.0,0,1,1,1,0,0
5080,1269750,18940000,591875.0,1,0,1,1,0,0
5081,1270000,18940250,591882.0,1,0,1,1,0,0
5082,1270250,18940500,591890.0,1,0,1,1,0,0
5083,1270500,18940750,591898.0,1,0,1,1,0,0
5117,1279000,18949250,592164.0,1,0,1,1,0,0
5118,1279250,18949500,592171.0,1,0,1,1,0,0
5119,1279500,18949750,592179.0,1,0,1,1,0,0
5120,1279750,18950000,592187.0,0,0,1,1,0,0
5121,1280000,18950250,592195.0,0,0,1,1,0,0
5122,1280250,18950500,592203.0,0,0,1,1,0,0
5123,1280500,18950750,592210.0,0,0,1,1,0,0
5156,1288750,18959000,592468.0,0,0,1,1,0,0
5157,1289000,18959250,592476.0,0,0,1,1,0,0
5158,1289250,18959500,592484.0,0,0,1,1,0,0
5159,1289500,18959750,592492.0,0,0,1,1,0,0
5160,1289750,18960000,592500.0,1,1,0,1,0,0
5161,1290000,18960250,592507.0,1,1,0,1,0,0
5162,1290250,18960500,592515.0,1,1,0,1,0,0
5163,1290500,18960750,592523.0,1,1,0,1,0,0
5197,1299000,18969250,592789.0,1,1,0,1,0,0
5198,1299250,18969500,592796.0,1,1,0,1,0,0
5199,1299500,18969750,592804.0,1,1,0,1,0,0
5200,1299750,18970000,592812.0,0,1,0,1,0,0
5201,1300000,18970250,592820.0,0,1,0,1,0,0
5202,1300250,18970500,592828.0,0,1,0,1,0,0
5203,1300500,18970750,592835.0,0,1,0,1,0,0
5237,1309000,18979250,593101.0,0,1,0,1,0,0
5238,1309250,18979500,593109.0,0,1,0,1,0,0
5239,1309500,18979750,593117.0,0,1,0,1,0,0
5240,1309750,18980000,593125.0,1,0,0,1,0,0
5241,1310000,18980250,593132.0,1,0,0,1,0,0
5242,1310250,18980500,593140.0,1,0,0,1,0,0
5243,1310500,18980750,593148.0,1,0,0,1,0,0
5277,1319000,18989250,593414.0,1,0,0,1,0,0
5278,1319250,18989500,593421.0,1,0,0,1,0,0
5279,1319500,18989750,593429.0,1,0,0,1,0,0
5280,1319750,18990000,593437.0,0,0,0,1,0,0
5281,1320000,18990250,593445.0,0,0,0,1,0,0
5282,1320250,18990500,593453.0,0,0,0,1,0,0
5283,1320500,18990750,593460.0,0,0,0,1,0,0
5315,1328500,18998750,593710.0,0,0,0,1,0,0
5316,1328750,18999000,593718.0,0,0,0,1,0,0
5317,1329000,18999250,593726.0,0,0,0,1,0,0
5318,1329250,18999500,593734.0,0,0,0,1,0,0
5319,1329500,18999750,593742.0,0,0,0,1,0,0
5320,1329750,19000000,593750.0,1,1,1,0,0,0
5321,1330000,19000250,593757.0,1,1,1,0,0,0
5322,1330250,19000500,593765.0,1,1,1,0,0,0
5323,1330500,19000750,593773.0,1,1,1,0,0,0
5357,1339000,19009250,594039.0,1,1,1,0,0,0
5358,1339250,19009500,594046.0,1,1,1,0,0,0
5359,1339500,19009750,594054.0,1,1,1,0,0,0
5360,1339750,19010000,594062.0,0,1,1,0,0,0
5361,1340000,19010250,594070.0,0,1,1,0,0,0
5362,1340250,19010500,594078.0,0,1,1,0,0,0
5363,1340500,19010750,594085.0,0,1,1,0,0,0
5397,1349000,19019250,594351.0,0,1,1,0,0,0
5398,1349250,19019500,594359.0,0,1,1,0,0,0
5399,1349500,19019750,594367.0,0,1,1,0,0,0
5400,1349750,19020000,594375.0,1,0,1,0,0,0
5401,1350000,19020250,594382.0,1,0,1,0,0,0
5402,1350250,19020500,594390.0,1,0,1,0,0,0
5403,1350500,19020750,594398.0,1,0,1,0,0,0
5437,1359000,19029250,594664.0,1,0,1,0,0,0
5438,1359250,19029500,594671.0,1,0,1,0,0,0
5439,1359500,19029750,594679.0,1,0,1,0,0,0
5440,1359750,19030000,594687.0,0,0,1,0,0,0
5441,1360000,19030250,594695.0,0,0,1,0,0,0
5442,1360250,19030500,594703.0,0,0,1,0,0,0
5443,1360500,19030750,594710.0,0,0,1,0,0,0
5476,1368750,19039000,594968.0,0,0,1,0,0,0
5477,1369000,19039250,594976.0,0,0,1,0,0,0
5478,1369250,19039500,594984.0,0,0,1,0,0,0
5479,1369500,19039750,594992.0,0,0,1,0,0,0
5480,1369750,19040000,595000.0,1,1,0,0,0,0
5481,1370000,19040250,595007.0,1,1,0,0,0,0
5482,1370250,19040500,595015.0,1,1,0,0,0,0
5483,1370500,19040750,595023.0,1,1,0,0,0,0
5517,1379000,19049250,595289.0,1,1,0,0,0,0
5518,1379250,19049500,595296.0,1,1,0,0,0,0
5519,1379500,19049750,595304.0,1,1,0,0,0,0
5520,1379750,19050000,595312.0,0,1,0,0,0,0
5521,1380000,19050250,595320.0,0,1,0,0,0,0
5522,1380250,19050500,595328.0,0,1,0,0,0,0
5523,1380500,19050750,595335.0,0,1,0,0,0,0
5557,1389000,19059250,595601.0,0,1,0,0,0,0
5558,1389250,19059500,595609.0,0,1,0,0,0,0
5559,1389500,19059750,595617.0,0,1,0,0,0,0
5560,1389750,19060000,595625.0,1,0,0,0,0,0
5561,1390000,19060250,595632.0,1,0,0,0,0,0
5562,1390250,19060500,595640.0,1,0,0,0,0,0
5563,1390500,19060750,595648.0,1,0,0,0,0,0
5597,1399000,19069250,595914.0,1,0,0,0,0,0
5598,1399250,19069500,595921.0,1,0,0,0,0,0
5599,1399500,19069750,595929.0,1,0,0,0,0,0
5600,1399750,19070000,595937.0,0,0,0,0,0,0
5601,1400000,19070250,595945.0,0,0,0,0,0,0
5602,1400250,19070500,595953.0,0,0,0,0,0,0
5603,1400500,19070750,595960.0,0,0,0,0,0,0
5634,1408250,19078500,596203.0,0,0,0,0,0,0
5635,1408500,19078750,596210.0,0,0,0,0,0,0
5636,1408750,19079000,596218.0,0,0,0,0,0,0
5637,1409000,19079250,596226.0,0,0,0,0,0,0
5638,1409250,19079500,596234.0,0,0,0,0,0,0
5639,1409500,19079750,596242.0,0,0,0,0,0,0
5640,1409750,19080000,596250.0,1,1,1,1,0,0
5641,1410000,19080250,596257.0,1,1,1,1,0,0
5642,1410250,19080500,596265.0,1,1,1,1,0,0
5643,1410500,19080750,596273.0,1,1,1,1,0,0
5644,1410750,19081000,596281.0,1,1,1,1,0,0
5645,1411000,19081250,596289.0,1,1,1,1,0,0
5677,1419000,19089250,596539.0,1,1,1,1,0,0
5678,1419250,19089500,596546.0,1,1,1,1,0,0
5679,1419500,19089750,596554.0,1,1,1,1,0,0
5680,1419750,19090000,596562.0,0,1,1,1,0,0
5681,1420000,19090250,596570.0,0,1,1,1,0,0
5682,1420250,19090500,596578.0,0,1,1,1,0,0
5683,1420500,19090750,596585.0,0,1,1,1,0,0
5717,1429000,19099250,596851.0,0,1,1,1,0,0
5718,1429250,19099500,596859.0,0,1,1,1,0,0
5719,1429500,19099750,596867.0,0,1,1,1,0,0
5720,1429750,19100000,596875.0,1,0,1,1,0,0
5721,1430000,19100250,596882.0,1,0,1,1,0,0
5722,1430250,19100500,596890.0,1,0,1,1,0,0
5723,1430500,19100750,596898.0,1,0,1,1,0,0
5757,1439000,19109250,597164.0,1,0,1,1,0,0
5758,1439250,19109500,597171.0,1,0,1,1,0,0
5759,1439500,19109750,597179.0,1,0,1,1,0,0
5760,1439750,19110000,597187.0,0,0,1,1,0,0
5761,1440000,19110250,597195.0,0,0,1,1,0,0
5762,1440250,19110500,597203.0,0,0,1,1,0,0
5763,1440500,19110750,597210.0,0,0,1,1,0,0
5796,1448750,19119000,597468.0,0,0,1,1,0,0
5797,1449000,19119250,597476.0,0,0,1,1,0,0
5798,1449250,19119500,597484.0,0,0,1,1,0,0
5799,1449500,19119750,597492.0,0,0,1,1,0,0
5800,1449750,19120000,597500.0,1,1,0,1,0,0
5801,1450000,19120250,597507.0,1,1,0,1,0,0
5802,1450250,19120500,597515.0,1,1,0,1,0,0
5803,1450500,19120750,597523.0,1,1,0,1,0,0
5837,1459000,19129250,597789.0,1,1,0,1,0,0
5838,1459250,19129500,597796.0,1,1,0,1,0,0
5839,1459500,19129750,597804.0,1,1,0,1,0,0
5840,1459750,19130000,597812.0,0,1,0,1,0,0
5841,1460000,19130250,597820.0,0,1,0,1,0,0
5842,1460250,19130500,597828.0,0,1,0,1,0,0
5843,1460500,19130750,597835.0,0,1,0,1,0,0
5877,1469000,19139250,598101.0,0,1,0,1,0,0
5878,1469250,19139500,598109.0,0,1,0,1,0,0
5879,1469500,19139750,598117.0,0,1,0,1,0,0
5880,1469750,19140000,598125.0,1,0,0,1,0,0
5881,1470000,19140250,598132.0,1,0,0,1,0,0
5882,1470250,19140500,598140.0,1,0,0,1,0,0
5883,1470500,19140750,598148.0,1,0,0,1,0,0
5917,1479000,19149250,598414.0,1,0,0,1,0,0
5918,1479250,19149500,598421.0,1,0,0,1,0,0
5919,1479500,19149750,598429.0,1,0,0,1,0,0
5920,1479750,19150000,598437.0,0,0,0,1,0,0
5921,1480000,19150250,598445.0,0,0,0,1,0,0
5922,1480250,19150500,598453.0,0,0,0,1,0,0
5923,1480500,19150750,598460.0,0,0,0,1,0,0
5955,1488500,19158750,598710.0,0,0,0,1,0,0
5956,1488750,19159000,598718.0,0,0,0,1,0,0
5957,1489000,19159250,598726.0,0,0,0,1,0,0
5958,1489250,19159500,598734.0,0,0,0,1,0,0
5959,1489500,19159750,598742.0,0,0,0,1,0,0
5960,1489750,19160000,598750.0,1,1,1,0,0,0
5961,1490000,19160250,598757.0,1,1,1,0,0,0
5962,1490250,19160500,598765.0,1,1,1,0,0,0
5963,1490500,19160750,598773.0,1,1,1,0,0,0
5997,1499000,19169250,599039.0,1,1,1,0,0,0
5998,1499250,19169500,599046.0,1,1,1,0,0,0
5999,1499500,19169750,599054.0,1,1,1,0,0,0
6000,1499750,19170000,599062.0,0,1,1,0,0,0
6001,1500000,19170250,599070.0,0,1,1,0,0,0
6002,1500250,19170500,599078.0,0,1,1,0,0,0
6003,1500500,19170750,599085.0,0,1,1,0,0,0
6037,1509000,19179250,599351.0,0,1,1,0,0,0
6038,1509250,19179500,599359.0,0,1,1,0,0,0
6039,1509500,19179750,599367.0,0,1,1,0,0,0
6040,1509750,19180000,599375.0,1,0,1,0,0,0
6041,1510000,19180250,599382.0,1,0,1,0,0,0
6042,1510250,19180500,599390.0,1,0,1,0,0,0
6043,1510500,19180750,599398.0,1,0,1,0,0,0
6077,1519000,19189250,599664.0,1,0,1,0,0,0
6078,1519250,19189500,599671.0,1,0,1,0,0,0
6079,1519500,19189750,599679.0,1,0,1,0,0,0
6080,1519750,19190000,599687.0,0,0,1,0,0,0
6081,1520000,19190250,599695.0,0,0,1,0,0,0
6082,1520250,19190500,599703.0,0,0,1,0,0,0
6083,1520500,19190750,599710.0,0,0,1,0,0,0
6116,1528750,19199000,599968.0,0,0,1,0,0,0
6117,1529000,19199250,599976.0,0,0,1,0,0,0
6118,1529250,19199500,599984.0,0,0,1,0,0,0
6119,1529500,19199750,599992.0,0,0,1,0,0,0
6120,1529750,19200000,600000.0,1,1,0,0,0,0
6121,1530000,19200250,600007.0,1,1,0,0,0,0
6122,1530250,19200500,600015.0,1,1,0,0,0,0
6123,1530500,19200750,600023.0,1,1,0,0,0,0
6157,1539000,19209250,600289.0,1,1,0,0,0,0
6158,1539250,19209500,600296.0,1,1,0,0,0,0
6159,1539500,19209750,600304.0,1,1,0,0,0,0
6160,1539750,19210000,600312.0,0,1,0,0,0,0
6161,1540000,19210250,600320.0,0,1,0,0,0,0
6162,1540250,19210500,600328.0,0,1,0,0,0,0
6163,1540500,19210750,600335.0,0,1,0,0,0,0
6197,1549000,19219250,600601.0,0,1,0,0,0,0
6198,1549250,19219500,600609.0,0,1,0,0,0,0
6199,1549500,19219750,600617.0,0,1,0,0,0,0
6200,1549750,19220000,600625.0,1,0,0,0,0,0
6201,1550000,19220250,600632.0,1,0,0,0,0,0
6202,1550250,19220500,600640.0,1,0,0,0,0,0
6203,1550500,19220750,600648.0,1,0,0,0,0,0
6237,1559000,19229250,600914.0,1,0,0,0,0,0
6238,1559250,19229500,600921.0,1,0,0,0,0,0
6239,1559500,19229750,600929.0,1,0,0,0,0,0
6240,1559750,19230000,600937.0,0,0,0,0,0,0
6241,1560000,19230250,600945.0,0,0,0,0,0,0
6242,1560250,19230500,600953.0,0,0,0,0,0,0
6243,1560500,19230750,600960.0,0,0,0,0,0,0
6274,1568250,19238500,601203.0,0,0,0,0,0,0
6275,1568500,19238750,601210.0,0,0,0,0,0,0
6276,1568750,19239000,601218.0,0,0,0,0,0,0
6277,1569000,19239250,601226.0,0,0,0,0,0,0
6278,1569250,19239500,601234.0,0,0,0,0,0,0
6279,1569500,19239750,601242.0,0,0,0,0,0,0
6280,1569750,19240000,601250.0,1,1,1,1,0,0
6281,1570000,19240250,601257.0,1,1,1,1,0,0
6282,1570250,19240500,601265.0,1,1,1,1,0,0
6283,1570500,19240750,601273.0,1,1,1,1,0,0
6284,1570750,19241000,601281.0,1,1,1,1,0,0
6285,1571000,19241250,601289.0,1,1,1,1,0,0
6317,1579000,19249250,601539.0,1,1,1,1,0,0
6318,1579250,19249500,601546.0,1,1,1,1,0,0
6319,1579500,19249750,601554.0,1,1,1,1,0,0
6320,1579750,19250000,601562.0,0,1,1,1,0,0
6321,1580000,19250250,601570.0,0,1,1,1,0,0
6322,1580250,19250500,601578.0,0,1,1,1,0,0
6323,1580500,19250750,601585.0,0,1,1,1,0,0
6357,1589000,19259250,601851.0,0,1,1,1,0,0
6358,1589250,19259500,601859.0,0,1,1,1,0,0
6359,1589500,19259750,601867.0,0,1,1,1,0,0
6360,1589750,19260000,601875.0,1,0,1,1,0,0
6361,1590000,19260250,601882.0,1,0,1,1,0,0
6362,1590250,19260500,601890.0,1,0,1,1,0,0
6363,1590500,19260750,601898.0,1,0,1,1,0,0
6397,1599000,19269250,602164.0,1,0,1,1,0,0
6398,1599250,19269500,602171.0,1,0,1,1,0,0
6399,1599500,19269750,602179.0,1,0,1,1,0,0
6400,1599750,19270000,602187.0,0,0,1,1,0,0
6401,1600000,19270250,602195.0,0,0,1,1,0,0
6402,1600250,19270500,602203.0,0,0,1,1,0,0
6403,1600500,19270750,602210.0,0,0,1,1,0,0
6436,1608750,19279000,602468.0,0,0,1,1,0,0
6437,1609000,19279250,602476.0,0,0,1,1,0,0
6438,1609250,19279500,602484.0,0,0,1,1,0,0
6439,1609500,19279750,602492.0,0,0,1,1,0,0
6440,1609750,19280000,602500.0,1,1,0,1,0,0
6441,1610000,19280250,602507.0,1,1,0,1,0,0
6442,1610250,19280500,602515.0,1,1,0,1,0,0
6443,1610500,19280750,602523.0,1,1,0,1,0,0
6477,1619000,19289250,602789.0,1,1,0,1,0,0
6478,1619250,19289500,602796.0,1,1,0,1,0,0
6479,1619500,19289750,602804.0,1,1,0,1,0,0
6480,1619750,19290000,602812.0,0,1,0,1,0,0
6481,1620000,19290250,602820.0,0,1,0,1,0,0
6482,1620250,19290500,602828.0,0,1,0,1,0,0
6483,1620500,19290750,602835.0,0,1,0,1,0,0
6517,1629000,19299250,603101.0,0,1,0,1,0,0
6518,1629250,19299500,603109.0,0,1,0,1,0,0
6519,1629500,19299750,603117.0,0,1,0,1,0,0
6520,1629750,19300000,603125.0,1,0,0,1,0,0
6521,1630000,19300250,603132.0,1,0,0,1,0,0
6522,1630250,19300500,603140.0,1,0,0,1,0,0
6523,1630500,19300750,603148.0,1,0,0,1,0,0
6557,1639000,19309250,603414.0,1,0,0,1,0,0
6558,1639250,19309500,603421.0,1,0,0,1,0,0
6559,1639500,19309750,603429.0,1,0,0,1,0,0
6560,1639750,19310000,603437.0,0,0,0,1,0,0
6561,1640000,19310250,603445.0,0,0,0,1,0,0
6562,1640250,19310500,603453.0,0,0,0,1,0,0
6563,1640500,19310750,603460.0,0,0,0,1,0,0
6595,1648500,19318750,603710.0,0,0,0,1,0,0
6596,1648750,19319000,603718.0,0,0,0,1,0,0
6597,1649000,19319250,603726.0,0,0,0,1,0,0
6598,1649250,19319500,603734.0,0,0,0,1,0,0
6599,1649500,19319750,603742.0,0,0,0,1,0,0
6600,1649750,19320000,603750.0,1,1,1,0,0,0
6601,1650000,19320250,603757.0,1,1,1,0,0,0
6602,1650250,19320500,603765.0,1,1,1,0,0,0
6603,1650500,19320750,603773.0,1,1,1,0,0,0
6637,1659000,19329250,604039.0,1,1,1,0,0,0
6638,1659250,19329500,604046.0,1,1,1,0,0,0
6639,1659500,19329750,604054.0,1,1,1,0,0,0
6640,1659750,19330000,604062.0,0,1,1,0,0,0
6641,1660000,19330250,604070.0,0,1,1,0,0,0
6642,1660250,19330500,604078.0,0,1,1,0,0,0
6643,1660500,19330750,604085.0,0,1,1,0,0,0
6677,1669000,19339250,604351.0,0,1,1,0,0,0
6678,1669250,19339500,604359.0,0,1,1,0,0,0
6679,1669500,19339750,604367.0,0,1,1,0,0,0
6680,1669750,19340000,604375.0,1,0,1,0,0,0
6681,1670000,19340250,604382.0,1,0,1,0,0,0
6682,1670250,19340500,604390.0,1,0,1,0,0,0
6683,1670500,19340750,604398.0,1,0,1,0,0,0
6717,1679000,19349250,604664.0,1,0,1,0,0,0
6718,1679250,19349500,604671.0,1,0,1,0,0,0
6719,1679500,19349750,604679.0,1,0,1,0,0,0
6720,1679750,19350000,604687.0,0,0,1,0,0,0
6721,1680000,19350250,604695.0,0,0,1,0,0,0
6722,1680250,19350500,604703.0,0,0,1,0,0,0
6723,1680500,19350750,604710.0,0,0,1,0,0,0
6756,1688750,19359000,604968.0,0,0,1,0,0,0
6757,1689000,19359250,604976.0,0,0,1,0,0,0
6758,1689250,19359500,604984.0,0,0,1,0,0,0
6759,1689500,19359750,604992.0,0,0,1,0,0,0
6760,1689750,19360000,605000.0,1,1,0,0,0,0
6761,1690000,19360250,605007.0,1,1,0,0,0,0
6762,1690250,19360500,605015.0,1,1,0,0,0,0
6763,1690500,19360750,605023.0,1,1,0,0,0,0
6797,1699000,19369250,605289.0,1,1,0,0,0,0
6798,1699250,19369500,605296.0,1,1,0,0,0,0
6799,1699500,19369750,605304.0,1,1,0,0,0,0
6800,1699750,19370000,605312.0,0,1,0,0,0,0
6801,1700000,19370250,605320.0,0,1,0,0,0,0
6802,1700250,19370500,605328.0,0,1,0,0,0,0
6803,1700500,19370750,605335.0,0,1,0,0,0,0
6837,1709000,19379250,605601.0,0,1,0,0,0,0
6838,1709250,19379500,605609.0,0,1,0,0,0,0
6839,1709500,19379750,605617.0,0,1,0,0,0,0
6840,1709750,19380000,605625.0,1,0,0,0,0,0
6841,1710000,19380250,605632.0,1,0,0,0,0,0
6842,1710250,19380500,605640.0,1,0,0,0,0,0
6843,1710500,19380750,605648.0,1,0,0,0,0,0
6877,1719000,19389250,605914.0,1,0,0,0,0,0
6878,1719250,19389500,605921.0,1,0,0,0,0,0
6879,1719500,19389750,605929.0,1,0,0,0,0,0
6880,1719750,19390000,605937.0,0,0,0,0,0,0
6881,1720000,19390250,605945.0,0,0,0,0,0,0
6882,1720250,19390500,605953.0,0,0,0,0,0,0
6883,1720500,19390750,605960.0,0,0,0,0,0,0
6914,1728250,19398500,606203.0,0,0,0,0,0,0
6915,1728500,19398750,606210.0,0,0,0,0,0,0
6916,1728750,19399000,606218.0,0,0,0,0,0,0
6917,1729000,19399250,606226.0,0,0,0,0,0,0
6918,1729250,19399500,606234.0,0,0,0,0,0,0
6919,1729500,19399750,606242.0,0,0,0,0,0,0
6920,1729750,19400000,606250.0,1,1,1,1,0,0
6921,1730000,19400250,606257.0,1,1,1,1,0,0
6922,1730250,19400500,606265.0,1,1,1,1,0,0
6923,1730500,19400750,606273.0,1,1,1,1,0,0
6924,1730750,19401000,606281.0,1,1,1,1,0,0
6925,1731000,19401250,606289.0,1,1,1,1,0,0
6957,1739000,19409250,606539.0,1,1,1,1,0,0
6958,1739250,19409500,606546.0,1,1,1,1,0,0
6959,1739500,19409750,606554.0,1,1,1,1,0,0
6960,1739750,19410000,606562.0,0,1,1,1,0,0
6961,1740000,19410250,606570.0,0,1,1,1,0,0
6962,1740250,19410500,606578.0,0,1,1,1,0,0
6963,1740500,19410750,606585.0,0,1,1,1,0,0
6997,1749000,19419250,606851.0,0,1,1,1,0,0
6998,1749250,19419500,606859.0,0,1,1,1,0,0
6999,1749500,19419750,606867.0,0,1,1,1,0,0
7000,1749750,19420000,606875.0,1,0,1,1,0,0
7001,1750000,19420250,606882.0,1,0,1,1,0,0
7002,1750250,19420500,606890.0,1,0,1,1,0,0
7003,1750500,19420750,606898.0,1,0,1,1,0,0
7037,1759000,19429250,607164.0,1,0,1,1,0,0
7038,1759250,19429500,607171.0,1,0,1,1,0,0
7039,1759500,19429750,607179.0,1,0,1,1,0,0
7040,1759750,19430000,607187.0,0,0,1,1,0,0
7041,1760000,19430250,607195.0,0,0,1,1,0,0
7042,1760250,19430500,607203.0,0,0,1,1,0,0
7043,1760500,19430750,607210.0,0,0,1,1,0,0
7076,1768750,19439000,607468.0,0,0,1,1,0,0
7077,1769000,19439250,607476.0,0,0,1,1,0,0
7078,1769250,19439500,607484.0,0,0,1,1,0,0
7079,1769500,19439750,607492.0,0,0,1,1,0,0
7080,1769750,19440000,607500.0,1,1,0,1,0,0
7081,1770000,19440250,607507.0,1,1,0,1,0,0
7082,1770250,19440500,607515.0,1,1,0,1,0,0
7083,1770500,19440750,607523.0,1,1,0,1,0,0
7117,1779000,19449250,607789.0,1,1,0,1,0,0
7118,1779250,19449500,607796.0,1,1,0,1,0,0
7119,1779500,19449750,607804.0,1,1,0,1,0,0
7120,1779750,19450000,607812.0,0,1,0,1,0,0
7121,1780000,19450250,607820.0,0,1,0,1,0,0
7122,1780250,19450500,607828.0,0,1,0,1,0,0
7123,1780500,19450750,607835.0,0,1,0,1,0,0
7157,1789000,19459250,608101.0,0,1,0,1,0,0
7158,1789250,19459500,608109.0,0,1,0,1,0,0
7159,1789500,19459750,608117.0,0,1,0,1,0,0
7160,1789750,19460000,608125.0,1,0,0,1,0,0
7161,1790000,19460250,608132.0,1,0,0,1,0,0
7162,1790250,19460500,608140.0,1,0,0,1,0,0
7163,1790500,19460750,608148.0,1,0,0,1,0,0
7197,1799000,19469250,608414.0,1,0,0,1,0,0
7198,1799250,19469500,608421.0,1,0,0,1,0,0
7199,1799500,19469750,608429.0,1,0,0,1,0,0
7200,1799750,19470000,608437.0,0,0,0,1,0,0
7201,1800000,19470250,608445.0,0,0,0,1,0,0
7202,1800250,19470500,608453.0,0,0,0,1,0,0
7203,1800500,19470750,608460.0,0,0,0,1,0,0
7235,1808500,19478750,608710.0,0,0,0,1,0,0
7236,1808750,19479000,608718.0,0,0,0,1,0,0
7237,1809000,19479250,608726.0,0,0,0,1,0,0
7238,1809250,19479500,608734.0,0,0,0,1,0,0
7239,1809500,19479750,608742.0,0,0,0,1,0,0
7240,1809750,19480000,608750.0,1,1,1,0,0,0
7241,1810000,19480250,608757.0,1,1,1,0,0,0
7242,1810250,19480500,608765.0,1,1,1,0,0,0
7243,1810500,19480750,608773.0,1,1,1,0,0,0
7277,1819000,19489250,609039.0,1,1,1,0,0,0
7278,1819250,19489500,609046.0,1,1,1,0,0,0
7279,1819500,19489750,609054.0,1,1,1,0,0,0
7280,1819750,19490000,609062.0,0,1,1,0,0,0
7281,1820000,19490250,609070.0,0,1,1,0,0,0
7282,1820250,19490500,609078.0,0,1,1,0,0,0
7283,1820500,19490750,609085.0,0,1,1,0,0,0
7317,1829000,19499250,609351.0,0,1,1,0,0,0
7318,1829250,19499500,609359.0,0,1,1,0,0,0
7319,1829500,19499750,609367.0,0,1,1,0,0,0
7320,1829750,19500000,609375.0,1,0,1,0,0,0
7321,1830000,19500250,609382.0,1,0,1,0,0,0
7322,1830250,19500500,609390.0,1,0,1,0,0,0
7323,1830500,19500750,609398.0,1,0,1,0,0,0
7357,1839000,19509250,609664.0,1,0,1,0,0,0
7358,1839250,19509500,609671.0,1,0,1,0,0,0
7359,1839500,19509750,609679.0,1,0,1,0,0,0
7360,1839750,19510000,609687.0,0,0,1,0,0,0
7361,1840000,19510250,609695.0,0,0,1,0,0,0
7362,1840250,19510500,609703.0,0,0,1,0,0,0
7363,1840500,19510750,609710.0,0,0,1,0,0,0
7396,1848750,19519000,609968.0,0,0,1,0,0,0
7397,1849000,19519250,609976.0,0,0,1,0,0,0
7398,1849250,19519500,609984.0,0,0,1,0,0,0
7399,1849500,19519750,609992.0,0,0,1,0,0,0
7400,1849750,19520000,610000.0,1,1,0,0,0,0
7401,1850000,19520250,610007.0,1,1,0,0,0,0
7402,1850250,19520500,610015.0,1,1,0,0,0,0
7403,1850500,19520750,610023.0,1,1,0,0,0,0
7437,1859000,19529250,610289.0,1,1,0,0,0,0
7438,1859250,19529500,610296.0,1,1,0,0,0,0
7439,1859500,19529750,610304.0,1,1,0,0,0,0
7440,1859750,19530000,610312.0,0,1,0,0,0,0
7441,1860000,19530250,610320.0,0,1,0,0,0,0
7442,1860250,19530500,610328.0,0,1,0,0,0,0
7443,1860500,19530750,610335.0,0,1,0,0,0,0
7477,1869000,19539250,610601.0,0,1,0,0,0,0
7478,1869250,19539500,610609.0,0,1,0,0,0,0
7479,1869500,19539750,610617.0,0,1,0,0,0,0
7480,1869750,19540000,610625.0,1,0,0,0,0,0
7481,1870000,19540250,610632.0,1,0,0,0,0,0
7482,1870250,19540500,610640.0,1,0,0,0,0,0
7483,1870500,19540750,610648.0,1,0,0,0,0,0
7517,1879000,19549250,610914.0,1,0,0,0,0,0
7518,1879250,19549500,610921.0,1,0,0,0,0,0
7519,1879500,19549750,610929.0,1,0,0,0,0,0
7520,1879750,19550000,610937.0,0,0,0,0,0,0
7521,1880000,19550250,610945.0,0,0,0,0,0,0
7522,1880250,19550500,610953.0,0,0,0,0,0,0
7523,1880500,19550750,610960.0,0,0,0,0,0,0
7554,1888250,19558500,611203.0,0,0,0,0,0,0
7555,1888500,19558750,611210.0,0,0,0,0,0,0
7556,1888750,19559000,611218.0,0,0,0,0,0,0
7557,1889000,19559250,611226.0,0,0,0,0,0,0
7558,1889250,19559500,611234.0,0,0,0,0,0,0
7559,1889500,19559750,611242.0,0,0,0,0,0,0
7560,1889750,19560000,611250.0,1,1,1,1,0,0
7561,1890000,19560250,611257.0,1,1,1,1,0,0
7562,1890250,19560500,611265.0,1,1,1,1,0,0
7563,1890500,19560750,611273.0,1,1,1,1,0,0
7564,1890750,19561000,611281.0,1,1,1,1,0,0
7565,1891000,19561250,611289.0,1,1,1,1,0,0
7597,1899000,19569250,611539.0,1,1,1,1,0,0
7598,1899250,19569500,611546.0,1,1,1,1,0,0
7599,1899500,19569750,611554.0,1,1,1,1,0,0
7600,1899750,19570000,611562.0,0,1,1,1,0,0
7601,1900000,19570250,611570.0,0,1,1,1,0,0
7602,1900250,19570500,611578.0,0,1,1,1,0,0
7603,1900500,19570750,611585.0,0,1,1,1,0,0
7637,1909000,19579250,611851.0,0,1,1,1,0,0
7638,1909250,19579500,611859.0,0,1,1,1,0,0
7639,1909500,19579750,611867.0,0,1,1,1,0,0
7640,1909750,19580000,611875.0,1,0,1,1,0,0
7641,1910000,19580250,611882.0,1,0,1,1,0,0
7642,1910250,19580500,611890.0,1,0,1,1,0,0
7643,1910500,19580750,611898.0,1,0,1,1,0,0
7677,1919000,19589250,612164.0,1,0,1,1,0,0
7678,1919250,19589500,612171.0,1,0,1,1,0,0
7679,1919500,19589750,612179.0,1,0,1,1,0,0
7680,1919750,19590000,612187.0,0,0,1,1,0,0
7681,1920000,19590250,612195.0,0,0,1,1,0,0
7682,1920250,19590500,612203.0,0,0,1,1,0,0
7683,1920500,19590750,612210.0,0,0,1,1,0,0
7716,1928750,19599000,612468.0,0,0,1,1,0,0
7717,1929000,19599250,612476.0,0,0,1,1,0,0
7718,1929250,19599500,612484.0,0,0,1,1,0,0
7719,1929500,19599750,612492.0,0,0,1,1,0,0
7720,1929750,19600000,612500.0,1,1,0,1,0,0
7721,1930000,19600250,612507.0,1,1,0,1,0,0
7722,1930250,19600500,612515.0,1,1,0,1,0,0
7723,1930500,19600750,612523.0,1,1,0,1,0,0
7757,1939000,19609250,612789.0,1,1,0,1,0,0
7758,1939250,19609500,612796.0,1,1,0,1,0,0
7759,1939500,19609750,612804.0,1,1,0,1,0,0
7760,1939750,19610000,612812.0,0,1,0,1,0,0
7761,1940000,19610250,612820.0,0,1,0,1,0,0
7762,1940250,19610500,612828.0,0,1,0,1,0,0
7763,1940500,19610750,612835.0,0,1,0,1,0,0
7797,1949000,19619250,613101.0,0,1,0,1,0,0
7798,1949250,19619500,613109.0,0,1,0,1,0,0
7799,1949500,19619750,613117.0,0,1,0,1,0,0
7800,1949750,19620000,613125.0,1,0,0,1,0,0
7801,1950000,19620250,613132.0,1,0,0,1,0,0
7802,1950250,19620500,613140.0,1,0,0,1,0,0
7803,1950500,19620750,613148.0,1,0,0,1,0,0
7837,1959000,19629250,613414.0,1,0,0,1,0,0
7838,1959250,19629500,613421.0,1,0,0,1,0,0
7839,1959500,19629750,613429.0,1,0,0,1,0,0
7840,1959750,19630000,613437.0,0,0,0,1,0,0
7841,1960000,19630250,613445.0,0,0,0,1,0,0
7842,1960250,19630500,613453.0,0,0,0,1,0,0
7843,1960500,19630750,613460.0,0,0,0,1,0,0
7875,1968500,19638750,613710.0,0,0,0,1,0,0
7876,1968750,19639000,613718.0,0,0,0,1,0,0
7877,1969000,19639250,613726.0,0,0,0,1,0,0
7878,1969250,19639500,613734.0,0,0,0,1,0,0
7879,1969500,19639750,613742.0,0,0,0,1,0,0
7880,1969750,19640000,613750.0,1,1,1,0,0,0
7881,1970000,19640250,613757.0,1,1,1,0,0,0
7882,1970250,19640500,613765.0,1,1,1,0,0,0
7883,1970500,19640750,613773.0,1,1,1,0,0,0
7917,1979000,19649250,614039.0,1,1,1,0,0,0
7918,1979250,19649500,614046.0,1,1,1,0,0,0
7919,1979500,19649750,614054.0,1,1,1,0,0,0
7920,1979750,19650000,614062.0,0,1,1,0,0,0
7921,1980000,19650250,614070.0,0,1,1,0,0,0
7922,1980250,19650500,614078.0,0,1,1,0,0,0
7923,1980500,19650750,614085.0,0,1,1,0,0,0
7957,1989000,19659250,614351.0,0,1,1,0,0,0
7958,1989250,19659500,614359.0,0,1,1,0,0,0
7959,1989500,19659750,614367.0,0,1,1,0,0,0
7960,1989750,19660000,614375.0,1,0,1,0,0,0
7961,1990000,19660250,614382.0,1,0,1,0,0,0
7962,1990250,19660500,614390.0,1,0,1,0,0,0
7963,1990500,19660750,614398.0,1,0,1,0,0,0
7997,1999000,19669250,614664.0,1,0,1,0,0,0
7998,1999250,19669500,614671.0,1,0,1,0,0,0
7999,1999500,19669750,614679.0,1,0,1,0,0,0
8000,1999750,19670000,614687.0,0,0,1,0,0,0
8001,2000000,19670250,614695.0,0,0,1,0,0,0
8002,2000250,19670500,614703.0,0,0,1,0,0,0
8003,2000500,19670750,614710.0,0,0,1,0,0,0
8036,2008750,19679000,614968.0,0,0,1,0,0,0
8037,2009000,19679250,614976.0,0,0,1,0,0,0
8038,2009250,19679500,614984.0,0,0,1,0,0,0
8039,2009500,19679750,614992.0,0,0,1,0,0,0
8040,2009750,19680000,615000.0,1,1,0,0,0,0
8041,2010000,19680250,615007.0,1,1,0,0,0,0
8042,2010250,19680500,615015.0,1,1,0,0,0,0
8043,2010500,19680750,615023.0,1,1,0,0,0,0
8077,2019000,19689250,615289.0,1,1,0,0,0,0
8078,2019250,19689500,615296.0,1,1,0,0,0,0
8079,2019500,19689750,615304.0,1,1,0,0,0,0
8080,2019750,19690000,615312.0,0,1,0,0,0,0
8081,2020000,19690250,615320.0,0,1,0,0,0,0
8082,2020250,19690500,615328.0,0,1,0,0,0,0
8083,2020500,19690750,615335.0,0,1,0,0,0,0
8117,2029000,19699250,615601.0,0,1,0,0,0,0
8118,2029250,19699500,615609.0,0,1,0,0,0,0
8119,2029500,19699750,615617.0,0,1,0,0,0,0
8120,2029750,19700000,615625.0,1,0,0,0,0,0
8121,2030000,19700250,615632.0,1,0,0,0,0,0
8122,2030250,19700500,615640.0,1,0,0,0,0,0
8123,2030500,19700750,615648.0,1,0,0,0,0,0
8157,2039000,19709250,615914.0,1,0,0,0,0,0
8158,2039250,19709500,615921.0,1,0,0,0,0,0
8159,2039500,19709750,615929.0,1,0,0,0,0,0
8160,2039750,19710000,615937.0,0,0,0,0,0,0
8161,2040000,19710250,615945.0,0,0,0,0,0,0
8162,2040250,19710500,615953.0,0,0,0,0,0,0
8163,2040500,19710750,615960.0,0,0,0,0,0,0
8194,2048250,19718500,616203.0,0,0,0,0,0,0
8195,2048500,19718750,616210.0,0,0,0,0,0,0
8196,2048750,19719000,616218.0,0,0,0,0,0,0
8197,2049000,19719250,616226.0,0,0,0,0,0,0
8198,2049250,19719500,616234.0,0,0,0,0,0,0
8199,2049500,19719750,616242.0,0,0,0,0,0,0
8200,2049750,19720000,616250.0,1,1,1,1,1,1
8201,2050000,19720250,616257.0,1,1,1,1,1,1
8202,2050250,19720500,616265.0,1,1,1,1,1,1
8203,2050500,19720750,616273.0,1,1,1,1,1,1
8204,2050750,19721000,616281.0,1,1,1,1,1,1
8205,2051000,19721250,616289.0,1,1,1,1,1,1
8206,2051250,19721500,616296.0,1,1,1,1,1,1
8207,2051500,19721750,616304.0,1,1,1,1,1,1
8208,2051750,19722000,616312.0,1,1,1,1,1,1
8209,2052000,19722250,616320.0,1,1,1,1,1,1
8210,2052250,19722500,616328.0,1,1,1,1,1,1
8211,2052500,19722750,616335.0,1,1,1,1,1,1
8212,2052750,19723000,616343.0,1,1,1,1,1,1
8213,2053000,19723250,616351.0,1,1,1,1,1,1
8214,2053250,19723500,616359.0,1,1,1,1,1,1
8215,2053500,19723750,616367.0,1,1,1,1,1,1
8216,2053750,19724000,616375.0,1,1,1,1,1,1
8217,2054000,19724250,616382.0,1,1,1,1,1,1
8218,2054250,19724500,616390.0,1,1,1,1,1,1
8219,2054500,19724750,616398.0,1,1,1,1,1,1
8220,2054750,19725000,616406.0,1,1,1,1,1,1
8237,2059000,19729250,616539.0,1,1,1,1,1,1
8238,2059250,19729500,616546.0,1,1,1,1,1,1
8239,2059500,19729750,616554.0,1,1,1,1,1,1
8240,2059750,19730000,616562.0,0,1,1,1,1,1
8241,2060000,19730250,616570.0,0,1,1,1,1,1
8242,2060250,19730500,616578.0,0,1,1,1,1,1
8243,2060500,19730750,616585.0,0,1,1,1,1,1
8277,2069000,19739250,616851.0,0,1,1,1,1,1
8278,2069250,19739500,616859.0,0,1,1,1,1,1
8279,2069500,19739750,616867.0,0,1,1,1,1,1
8280,2069750,19740000,616875.0,1,0,1,1,1,1
8281,2070000,19740250,616882.0,1,0,1,1,1,1
8282,2070250,19740500,616890.0,1,0,1,1,1,1
8283,2070500,19740750,616898.0,1,0,1,1,1,1
8317,2079000,19749250,617164.0,1,0,1,1,1,1
8318,2079250,19749500,617171.0,1,0,1,1,1,1
8319,2079500,19749750,617179.0,1,0,1,1,1,1
8320,2079750,19750000,617187.0,0,0,1,1,1,1
8321,2080000,19750250,617195.0,0,0,1,1,1,1
8322,2080250,19750500,617203.0,0,0,1,1,1,1
8323,2080500,19750750,617210.0,0,0,1,1,1,1
8356,2088750,19759000,617468.0,0,0,1,1,1,1
8357,2089000,19759250,617476.0,0,0,1,1,1,1
8358,2089250,19759500,617484.0,0,0,1,1,1,1
8359,2089500,19759750,617492.0,0,0,1,1,1,1
8360,2089750,19760000,617500.0,1,1,0,1,1,1
8361,2090000,19760250,617507.0,1,1,0,1,1,1
8362,2090250,19760500,617515.0,1,1,0,1,1,1
8363,2090500,19760750,617523.0,1,1,0,1,1,1
8397,2099000,19769250,617789.0,1,1,0,1,1,1
8398,2099250,19769500,617796.0,1,1,0,1,1,1
8399,2099500,19769750,617804.0,1,1,0,1,1,1
8400,2099750,19770000,617812.0,0,1,0,1,1,1
8401,2100000,19770250,617820.0,0,1,0,1,1,1
8402,2100250,19770500,617828.0,0,1,0,1,1,1
8403,2100500,19770750,617835.0,0,1,0,1,1,1
8437,2109000,19779250,618101.0,0,1,0,1,1,1
8438,2109250,19779500,618109.0,0,1,0,1,1,1
8439,2109500,19779750,618117.0,0,1,0,1,1,1
8440,2109750,19780000,618125.0,1,0,0,1,1,1
8441,2110000,19780250,618132.0,1,0,0,1,1,1
8442,2110250,19780500,618140.0,1,0,0,1,1,1
8443,2110500,19780750,618148.0,1,0,0,1,1,1
8477,2119000,19789250,618414.0,1,0,0,1,1,1
8478,2119250,19789500,618421.0,1,0,0,1,1,1
8479,2119500,19789750,618429.0,1,0,0,1,1,1
8480,2119750,19790000,618437.0,0,0,0,1,1,1
8481,2120000,19790250,618445.0,0,0,0,1,1,1
8482,2120250,19790500,618453.0,0,0,0,1,1,1
8483,2120500,19790750,618460.0,0,0,0,1,1,1
8515,2128500,19798750,618710.0,0,0,0,1,1,1
8516,2128750,19799000,618718.0,0,0,0,1,1,1
8517,2129000,19799250,618726.0,0,0,0,1,1,1
8518,2129250,19799500,618734.0,0,0,0,1,1,1
8519,2129500,19799750,618742.0,0,0,0,1,1,1
8520,2129750,19800000,618750.0,1,1,1,0,1,1
8521,2130000,19800250,618757.0,1,1,1,0,1,1
8522,2130250,19800500,618765.0,1,1,1,0,1,1
8523,2130500,19800750,618773.0,1,1,1,0,1,1
8557,2139000,19809250,619039.0,1,1,1,0,1,1
8558,2139250,19809500,619046.0,1,1,1,0,1,1
8559,2139500,19809750,619054.0,1,1,1,0,1,1
8560,2139750,19810000,619062.0,0,1,1,0,1,1
8561,2140000,19810250,619070.0,0,1,1,0,1,1
8562,2140250,19810500,619078.0,0,1,1,0,1,1
8563,2140500,19810750,619085.0,0,1,1,0,1,1
8597,2149000,19819250,619351.0,0,1,1,0,1,1
8598,2149250,19819500,619359.0,0,1,1,0,1,1
8599,2149500,19819750,619367.0,0,1,1,0,1,1
8600,2149750,19820000,619375.0,1,0,1,0,1,1
8601,2150000,19820250,619382.0,1,0,1,0,1,1
8602,2150250,19820500,619390.0,1,0,1,0,1,1
8603,2150500,19820750,619398.0,1,0,1,0,1,1
8637,2159000,19829250,619664.0,1,0,1,0,1,1
8638,2159250,19829500,619671.0,1,0,1,0,1,1
8639,2159500,19829750,619679.0,1,0,1,0,1,1
8640,2159750,19830000,619687.0,0,0,1,0,1,1
8641,2160000,19830250,619695.0,0,0,1,0,1,1
8642,2160250,19830500,619703.0,0,0,1,0,1,1
8643,2160500,19830750,619710.0,0,0,1,0,1,1
8676,2168750,19839000,619968.0,0,0,1,0,1,1
8677,2169000,19839250,619976.0,0,0,1,0,1,1
8678,2169250,19839500,619984.0,0,0,1,0,1,1
8679,2169500,19839750,619992.0,0,0,1,0,1,1
8680,2169750,19840000,620000.0,1,1,0,0,1,1
8681,2170000,19840250,620007.0,1,1,0,0,1,1
8682,2170250,19840500,620015.0,1,1,0,0,1,1
8683,2170500,19840750,620023.0,1,1,0,0,1,1
8717,2179000,19849250,620289.0,1,1,0,0,1,1
8718,2179250,19849500,620296.0,1,1,0,0,1,1
8719,2179500,19849750,620304.0,1,1,0,0,1,1
8720,2179750,19850000,620312.0,0,1,0,0,1,1
8721,2180000,19850250,620320.0,0,1,0,0,1,1
8722,2180250,19850500,620328.0,0,1,0,0,1,1
8723,2180500,19850750,620335.0,0,1,0,0,1,1
8757,2189000,19859250,620601.0,0,1,0,0,1,1
8758,2189250,19859500,620609.0,0,1,0,0,1,1
8759,2189500,19859750,620617.0,0,1,0,0,1,1
8760,2189750,19860000,620625.0,1,0,0,0,1,1
8761,2190000,19860250,620632.0,1,0,0,0,1,1
8762,2190250,19860500,620640.0,1,0,0,0,1,1
8763,2190500,19860750,620648.0,1,0,0,0,1,1
8797,2199000,19869250,620914.0,1,0,0,0,1,1
8798,2199250,19869500,620921.0,1,0,0,0,1,1
8799,2199500,19869750,620929.0,1,0,0,0,1,1
8800,2199750,19870000,620937.0,0,0,0,0,1,1
8801,2200000,19870250,620945.0,0,0,0,0,1,1
8802,2200250,19870500,620953.0,0,0,0,0,1,1
8803,2200500,19870750,620960.0,0,0,0,0,1,1
8834,2208250,19878500,621203.0,0,0,0,0,1,1
8835,2208500,19878750,621210.0,0,0,0,0,1,1
8836,2208750,19879000,621218.0,0,0,0,0,1,1
8837,2209000,19879250,621226.0,0,0,0,0,1,1
8838,2209250,19879500,621234.0,0,0,0,0,1,1
8839,2209500,19879750,621242.0,0,0,0,0,1,1
8840,2209750,19880000,621250.0,1,1,1,1,1,1
8841,2210000,19880250,621257.0,1,1,1,1,1,1
8842,2210250,19880500,621265.0,1,1,1,1,1,1
8843,2210500,19880750,621273.0,1,1,1,1,1,1
8844,2210750,19881000,621281.0,1,1,1,1,1,1
8845,2211000,19881250,621289.0,1,1,1,1,1,1
8877,2219000,19889250,621539.0,1,1,1,1,1,1
8878,2219250,19889500,621546.0,1,1,1,1,1,1
8879,2219500,19889750,621554.0,1,1,1,1,1,1
8880,2219750,19890000,621562.0,0,1,1,1,1,1
8881,2220000,19890250,621570.0,0,1,1,1,1,1
8882,2220250,19890500,621578.0,0,1,1,1,1,1
8883,2220500,19890750,621585.0,0,1,1,1,1,1
8917,2229000,19899250,621851.0,0,1,1,1,1,1
8918,2229250,19899500,621859.0,0,1,1,1,1,1
8919,2229500,19899750,621867.0,0,1,1,1,1,1
8920,2229750,19900000,621875.0,1,0,1,1,1,1
8921,2230000,19900250,621882.0,1,0,1,1,1,1
8922,2230250,19900500,621890.0,1,0,1,1,1,1
8923,2230500,19900750,621898.0,1,0,1,1,1,1
8957,2239000,19909250,622164.0,1,0,1,1,1,1
8958,2239250,19909500,622171.0,1,0,1,1,1,1
8959,2239500,19909750,622179.0,1,0,1,1,1,1
8960,2239750,19910000,622187.0,0,0,1,1,1,1
8961,2240000,19910250,622195.0,0,0,1,1,1,1
8962,2240250,19910500,622203.0,0,0,1,1,1,1
8963,2240500,19910750,622210.0,0,0,1,1,1,1
8996,2248750,19919000,622468.0,0,0,1,1,1,1
8997,2249000,19919250,622476.0,0,0,1,1,1,1
8998,2249250,19919500,622484.0,0,0,1,1,1,1
8999,2249500,19919750,622492.0,0,0,1,1,1,1
9000,2249750,19920000,622500.0,1,1,0,1,1,1
9001,2250000,19920250,622507.0,1,1,0,1,1,1
9002,2250250,19920500,622515.0,1,1,0,1,1,1
9003,2250500,19920750,622523.0,1,1,0,1,1,1
9037,2259000,19929250,622789.0,1,1,0,1,1,1
9038,2259250,19929500,622796.0,1,1,0,1,1,1
9039,2259500,19929750,622804.0,1,1,0,1,1,1
9040,2259750,19930000,622812.0,0,1,0,1,1,1
9041,2260000,19930250,622820.0,0,1,0,1,1,1
9042,2260250,19930500,622828.0,0,1,0,1,1,1
9043,2260500,19930750,622835.0,0,1,0,1,1,1
9077,2269000,19939250,623101.0,0,1,0,1,1,1
9078,2269250,19939500,623109.0,0,1,0,1,1,1
9079,2269500,19939750,623117.0,0,1,0,1,1,1
9080,2269750,19940000,623125.0,1,0,0,1,1,1
9081,2270000,19940250,623132.0,1,0,0,1,1,1
9082,2270250,19940500,623140.0,1,0,0,1,1,1
9083,2270500,19940750,623148.0,1,0,0,1,1,1
9117,2279000,19949250,623414.0,1,0,0,1,1,1
9118,2279250,19949500,623421.0,1,0,0,1,1,1
9119,2279500,19949750,623429.0,1,0,0,1,1,1
9120,2279750,19950000,623437.0,0,0,0,1,1,1
9121,2280000,19950250,623445.0,0,0,0,1,1,1
9122,2280250,19950500,623453.0,0,0,0,1,1,1
9123,2280500,19950750,623460.0,0,0,0,1,1,1
9155,2288500,19958750,623710.0,0,0,0,1,1,1
9156,2288750,19959000,623718.0,0,0,0,1,1,1
9157,2289000,19959250,623726.0,0,0,0,1,1,1
9158,2289250,19959500,623734.0,0,0,0,1,1,1
9159,2289500,19959750,623742.0,0,0,0,1,1,1
9160,2289750,19960000,623750.0,1,1,1,0,1,1
9161,2290000,19960250,623757.0,1,1,1,0,1,1
9162,2290250,19960500,623765.0,1,1,1,0,1,1
9163,2290500,19960750,623773.0,1,1,1,0,1,1
9197,2299000,19969250,624039.0,1,1,1,0,1,1
9198,2299250,19969500,624046.0,1,1,1,0,1,1
9199,2299500,19969750,624054.0,1,1,1,0,1,1
9200,2299750,19970000,624062.0,0,1,1,0,1,1
9201,2300000,19970250,624070.0,0,1,1,0,1,1
9202,2300250,19970500,624078.0,0,1,1,0,1,1
9203,2300500,19970750,624085.0,0,1,1,0,1,1
9237,2309000,19979250,624351.0,0,1,1,0,1,1
9238,2309250,19979500,624359.0,0,1,1,0,1,1
9239,2309500,19979750,624367.0,0,1,1,0,1,1
9240,2309750,19980000,624375.0,1,0,1,0,1,1
9241,2310000,19980250,624382.0,1,0,1,0,1,1
9242,2310250,19980500,624390.0,1,0,1,0,1,1
9243,2310500,19980750,624398.0,1,0,1,0,1,1
9277,2319000,19989250,624664.0,1,0,1,0,1,1
9278,2319250,19989500,624671.0,1,0,1,0,1,1
9279,2319500,19989750,624679.0,1,0,1,0,1,1
9280,2319750,19990000,624687.0,0,0,1,0,1,1
9281,2320000,19990250,624695.0,0,0,1,0,1,1
9282,2320250,19990500,624703.0,0,0,1,0,1,1
9283,2320500,19990750,624710.0,0,0,1,0,1,1
9316,2328750,19999000,624968.0,0,0,1,0,1,1
9317,2329000,19999250,624976.0,0,0,1,0,1,1
9318,2329250,19999500,624984.0,0,0,1,0,1,1
9319,2329500,19999750,624992.0,0,0,1,0,1,1
9320,2329750,20000000,625000.0,1,1,0,0,1,1
9321,2330000,20000250,625007.0,1,1,0,0,1,1
9322,2330250,20000500,625015.0,1,1,0,0,1,1
9323,2330500,20000750,625023.0,1,1,0,0,1,1
9357,2339000,20009250,625289.0,1,1,0,0,1,1
9358,2339250,20009500,625296.0,1,1,0,0,1,1
9359,2339500,20009750,625304.0,1,1,0,0,1,1
9360,2339750,20010000,625312.0,0,1,0,0,1,1
9361,2340000,20010250,625320.0,0,1,0,0,1,1
9362,2340250,20010500,625328.0,0,1,0,0,1,1
9363,2340500,20010750,625335.0,0,1,0,0,1,1
9397,2349000,20019250,625601.0,0,1,0,0,1,1
9398,2349250,20019500,625609.0,0,1,0,0,1,1
9399,2349500,20019750,625617.0,0,1,0,0,1,1
9400,2349750,20020000,625625.0,1,0,0,0,1,1
9401,2350000,20020250,625632.0,1,0,0,0,1,1
9402,2350250,20020500,625640.0,1,0,0,0,1,1
9403,2350500,20020750,625648.0,1,0,0,0,1,1
9437,2359000,20029250,625914.0,1,0,0,0,1,1
9438,2359250,20029500,625921.0,1,0,0,0,1,1
9439,2359500,20029750,625929.0,1,0,0,0,1,1
9440,2359750,20030000,625937.0,0,0,0,0,1,1
9441,2360000,20030250,625945.0,0,0,0,0,1,1
9442,2360250,20030500,625953.0,0,0,0,0,1,1
9443,2360500,20030750,625960.0,0,0,0,0,1,1
9474,2368250,20038500,626203.0,0,0,0,0,1,1
9475,2368500,20038750,626210.0,0,0,0,0,1,1
9476,2368750,20039000,626218.0,0,0,0,0,1,1
9477,2369000,20039250,626226.0,0,0,0,0,1,1
9478,2369250,20039500,626234.0,0,0,0,0,1,1
9479,2369500,20039750,626242.0,0,0,0,0,1,1
9480,2369750,20040000,626250.0,1,1,1,1,1,1
9481,2370000,20040250,626257.0,1,1,1,1,1,1
9482,2370250,20040500,626265.0,1,1,1,1,1,1
9483,2370500,20040750,626273.0,1,1,1,1,1,1
9484,2370750,20041000,626281.0,1,1,1,1,1,1
9485,2371000,20041250,626289.0,1,1,1,1,1,1
9517,2379000,20049250,626539.0,1,1,1,1,1,1
9518,2379250,20049500,626546.0,1,1,1,1,1,1
9519,2379500,20049750,626554.0,1,1,1,1,1,1
9520,2379750,20050000,626562.0,0,1,1,1,1,1
9521,2380000,20050250,626570.0,0,1,1,1,1,1
9522,2380250,20050500,626578.0,0,1,1,1,1,1
9523,2380500,20050750,626585.0,0,1,1,1,1,1
9557,2389000,20059250,626851.0,0,1,1,1,1,1
9558,2389250,20059500,626859.0,0,1,1,1,1,1
9559,2389500,20059750,626867.0,0,1,1,1,1,1
9560,2389750,20060000,626875.0,1,0,1,1,1,1
9561,2390000,20060250,626882.0,1,0,1,1,1,1
9562,2390250,20060500,626890.0,1,0,1,1,1,1
9563,2390500,20060750,626898.0,1,0,1,1,1,1
9597,2399000,20069250,627164.0,1,0,1,1,1,1
9598,2399250,20069500,627171.0,1,0,1,1,1,1
9599,2399500,20069750,627179.0,1,0,1,1,1,1
9600,2399750,20070000,627187.0,0,0,1,1,1,1
9601,2400000,20070250,627195.0,0,0,1,1,1,1
9602,2400250,20070500,627203.0,0,0,1,1,1,1
9603,2400500,20070750,627210.0,0,0,1,1,1,1
9636,2408750,20079000,627468.0,0,0,1,1,1,1
9637,2409000,20079250,627476.0,0,0,1,1,1,1
9638,2409250,20079500,627484.0,0,0,1,1,1,1
9639,2409500,20079750,627492.0,0,0,1,1,1,1
9640,2409750,20080000,627500.0,1,1,0,1,1,1
9641,2410000,20080250,627507.0,1,1,0,1,1,1
9642,2410250,20080500,627515.0,1,1,0,1,1,1
9643,2410500,20080750,627523.0,1,1,0,1,1,1
9677,2419000,20089250,627789.0,1,1,0,1,1,1
9678,2419250,20089500,627796.0,1,1,0,1,1,1
9679,2419500,20089750,627804.0,1,1,0,1,1,1
9680,2419750,20090000,627812.0,0,1,0,1,1,1
9681,2420000,20090250,627820.0,0,1,0,1,1,1
9682,2420250,20090500,627828.0,0,1,0,1,1,1
9683,2420500,20090750,627835.0,0,1,0,1,1,1
9717,2429000,20099250,628101.0,0,1,0,1,1,1
9718,2429250,20099500,628109.0,0,1,0,1,1,1
9719,2429500,20099750,628117.0,0,1,0,1,1,1
9720,2429750,20100000,628125.0,1,0,0,1,1,1
9721,2430000,20100250,628132.0,1,0,0,1,1,1
9722,2430250,20100500,628140.0,1,0,0,1,1,1
9723,2430500,20100750,628148.0,1,0,0,1,1,1
9757,2439000,20109250,628414.0,1,0,0,1,1,1
9758,2439250,20109500,628421.0,1,0,0,1,1,1
9759,2439500,20109750,628429.0,1,0,0,1,1,1
9760,2439750,20110000,628437.0,0,0,0,1,1,1
9761,2440000,20110250,628445.0,0,0,0,1,1,1
9762,2440250,20110500,628453.0,0,0,0,1,1,1
9763,2440500,20110750,628460.0,0,0,0,1,1,1
9795,2448500,20118750,628710.0,0,0,0,1,1,1
9796,2448750,20119000,628718.0,0,0,0,1,1,1
9797,2449000,20119250,628726.0,0,0,0,1,1,1
9798,2449250,20119500,628734.0,0,0,0,1,1,1
9799,2449500,20119750,628742.0,0,0,0,1,1,1
9800,2449750,20120000,628750.0,1,1,1,0,1,1
9801,2450000,20120250,628757.0,1,1,1,0,1,1
9802,2450250,20120500,628765.0,1,1,1,0,1,1
9803,2450500,20120750,628773.0,1,1,1,0,1,1
9837,2459000,20129250,629039.0,1,1,1,0,1,1
9838,2459250,20129500,629046.0,1,1,1,0,1,1
9839,2459500,20129750,629054.0,1,1,1,0,1,1
9840,2459750,20130000,629062.0,0,1,1,0,1,1
9841,2460000,20130250,629070.0,0,1,1,0,1,1
9842,2460250,20130500,629078.0,0,1,1,0,1,1
9843,2460500,20130750,629085.0,0,1,1,0,1,1
9877,2469000,20139250,629351.0,0,1,1,0,1,1
9878,2469250,20139500,629359.0,0,1,1,0,1,1
9879,2469500,20139750,629367.0,0,1,1,0,1,1
9880,2469750,20140000,629375.0,1,0,1,0,1,1
9881,2470000,20140250,629382.0,1,0,1,0,1,1
9882,2470250,20140500,629390.0,1,0,1,0,1,1
9883,2470500,20140750,629398.0,1,0,1,0,1,1
9917,2479000,20149250,629664.0,1,0,1,0,1,1
9918,2479250,20149500,629671.0,1,0,1,0,1,1
9919,2479500,20149750,629679.0,1,0,1,0,1,1
9920,2479750,20150000,629687.0,0,0,1,0,1,1
9921,2480000,20150250,629695.0,0,0,1,0,1,1
9922,2480250,20150500,629703.0,0,0,1,0,1,1
9923,2480500,20150750,629710.0,0,0,1,0,1,1
9956,2488750,20159000,629968.0,0,0,1,0,1,1
9957,2489000,20159250,629976.0,0,0,1,0,1,1
9958,2489250,20159500,629984.0,0,0,1,0,1,1
9959,2489500,20159750,629992.0,0,0,1,0,1,1
9960,2489750,20160000,630000.0,1,1,0,0,1,1
9961,2490000,20160250,630007.0,1,1,0,0,1,1
9962,2490250,20160500,630015.0,1,1,0,0,1,1
9963,2490500,20160750,630023.0,1,1,0,0,1,1
9997,2499000,20169250,630289.0,1,1,0,0,1,1
9998,2499250,20169500,630296.0,1,1,0,0,1,1
9999,2499500,20169750,630304.0,1,1,0,0,1,1
10000,2499750,20170000,630312.0,0,1,0,0,1,1
10001,2500000,20170250,630320.0,0,1,0,0,1,1
10002,2500250,20170500,630328.0,0,1,0,0,1,1
10003,2500500,20170750,630335.0,0,1,0,0,1,1
10037,2509000,20179250,630601.0,0,1,0,0,1,1
10038,2509250,20179500,630609.0,0,1,0,0,1,1
10039,2509500,20179750,630617.0,0,1,0,0,1,1
10040,2509750,20180000,630625.0,1,0,0,0,1,1
10041,2510000,20180250,630632.0,1,0,0,0,1,1
10042,2510250,20180500,630640.0,1,0,0,0,1,1
10043,2510500,20180750,630648.0,1,0,0,0,1,1
10077,2519000,20189250,630914.0,1,0,0,0,1,1
10078,2519250,20189500,630921.0,1,0,0,0,1,1
10079,2519500,20189750,630929.0,1,0,0,0,1,1
10080,2519750,20190000,630937.0,0,0,0,0,1,1
10081,2520000,20190250,630945.0,0,0,0,0,1,1
10082,2520250,20190500,630953.0,0,0,0,0,1,1
10083,2520500,20190750,630960.0,0,0,0,0,1,1
10114,2528250,20198500,631203.0,0,0,0,0,1,1
10115,2528500,20198750,631210.0,0,0,0,0,1,1
10116,2528750,20199000,631218.0,0,0,0,0,1,1
10117,2529000,20199250,631226.0,0,0,0,0,1,1
10118,2529250,20199500,631234.0,0,0,0,0,1,1
10119,2529500,20199750,631242.0,0,0,0,0,1,1
10120,2529750,20200000,631250.0,1,1,1,1,1,1
10121,2530000,20200250,631257.0,1,1,1,1,1,1
10122,2530250,20200500,631265.0,1,1,1,1,1,1
10123,2530500,20200750,631273.0,1,1,1,1,1,1
10124,2530750,20201000,631281.0,1,1,1,1,1,1
10125,2531000,20201250,631289.0,1,1,1,1,1,1
10157,2539000,20209250,631539.0,1,1,1,1,1,1
10158,2539250,20209500,631546.0,1,1,1,1,1,1
10159,2539500,20209750,631554.0,1,1,1,1,1,1
10160,2539750,20210000,631562.0,0,1,1,1,1,1
10161,2540000,20210250,631570.0,0,1,1,1,1,1
10162,2540250,20210500,631578.0,0,1,1,1,1,1
10163,2540500,20210750,631585.0,0,1,1,1,1,1
10197,2549000,20219250,631851.0,0,1,1,1,1,1
10198,2549250,20219500,631859.0,0,1,1,1,1,1
10199,2549500,20219750,631867.0,0,1,1,1,1,1
10200,2549750,20220000,631875.0,1,0,1,1,1,1
10201,2550000,20220250,631882.0,1,0,1,1,1,1
10202,2550250,20220500,631890.0,1,0,1,1,1,1
10203,2550500,20220750,631898.0,1,0,1,1,1,1
10237,2559000,20229250,632164.0,1,0,1,1,1,1
10238,2559250,20229500,632171.0,1,0,1,1,1,1
10239,2559500,20229750,632179.0,1,0,1,1,1,1
10240,2559750,20230000,632187.0,0,0,1,1,1,1
10241,2560000,20230250,632195.0,0,0,1,1,1,1
10242,2560250,20230500,632203.0,0,0,1,1,1,1
10243,2560500,20230750,632210.0,0,0,1,1,1,1
10276,2568750,20239000,632468.0,0,0,1,1,1,1
10277,2569000,20239250,632476.0,0,0,1,1,1,1
10278,2569250,20239500,632484.0,0,0,1,1,1,1
10279,2569500,20239750,632492.0,0,0,1,1,1,1
10280,2569750,20240000,632500.0,1,1,0,1,1,1
10281,2570000,20240250,632507.0,1,1,0,1,1,1
10282,2570250,20240500,632515.0,1,1,0,1,1,1
10283,2570500,20240750,632523.0,1,1,0,1,1,1
10317,2579000,20249250,632789.0,1,1,0,1,1,1
10318,2579250,20249500,632796.0,1,1,0,1,1,1
10319,2579500,20249750,632804.0,1,1,0,1,1,1
10320,2579750,20250000,632812.0,0,1,0,1,1,1
10321,2580000,20250250,632820.0,0,1,0,1,1,1
10322,2580250,20250500,632828.0,0,1,0,1,1,1
10323,2580500,20250750,632835.0,0,1,0,1,1,1
10357,2589000,20259250,633101.0,0,1,0,1,1,1
10358,2589250,20259500,633109.0,0,1,0,1,1,1
10359,2589500,20259750,633117.0,0,1,0,1,1,1
10360,2589750,20260000,633125.0,1,0,0,1,1,1
10361,2590000,20260250,633132.0,1,0,0,1,1,1
10362,2590250,20260500,633140.0,1,0,0,1,1,1
10363,2590500,20260750,633148.0,1,0,0,1,1,1
10397,2599000,20269250,633414.0,1,0,0,1,1,1
10398,2599250,20269500,633421.0,1,0,0,1,1,1
10399,2599500,20269750,633429.0,1,0,0,1,1,1
10400,2599750,20270000,633437.0,0,0,0,1,1,1
10401,2600000,20270250,633445.0,0,0,0,1,1,1
10402,2600250,20270500,633453.0,0,0,0,1,1,1
10403,2600500,20270750,633460.0,0,0,0,1,1,1
10435,2608500,20278750,633710.0,0,0,0,1,1,1
10436,2608750,20279000,633718.0,0,0,0,1,1,1
10437,2609000,20279250,633726.0,0,0,0,1,1,1
10438,2609250,20279500,633734.0,0,0,0,1,1,1
